1,,1571,-7576,10201,-1735,1905,-4321,2575,14
2,,1651,-7584,10054,-1734,1966,-4324,2507,14
3,,1777,-7531,9933,-1731,2023,-4339,2465,15
4,,1892,-7533,9806,-1736,2064,-4352,2429,12
5,,2005,-7525,9692,-1737,2096,-4349,2392,12
6,,2110,-7512,9623,-1733,2143,-4335,2333,13
7,,2221,-7506,9525,-1733,2197,-4329,2268,14
8,,2351,-7514,9405,-1732,2258,-4330,2201,14
9,,2443,-7488,9327,-1731,2307,-4326,2151,16
10,,2538,-7495,9266,-1736,2342,-4328,2109,11
11,,2655,-7495,9179,-1736,2382,-4319,2068,13
12,,2746,-7537,9085,-1738,2426,-4315,2010,11
13,,2864,-7543,9011,-1733,2481,-4301,1947,14
14,,2988,-7532,8966,-1732,2531,-4296,1886,15
15,,3083,-7585,8893,-1732,2569,-4289,1841,16
16,,3185,-7604,8821,-1737,2605,-4289,1800,12
17,,3307,-7652,8775,-1736,2640,-4286,1760,11
18,,3432,-7680,8701,-1737,2684,-4285,1705,11
19,,3578,-7686,8617,-1733,2732,-4272,1649,12
20,,3688,-7700,8560,-1733,2786,-4259,1595,15
21,,3804,-7741,8473,-1732,2826,-4252,1548,15
22,,3908,-7771,8376,-1735,2855,-4253,1501,11
23,,4047,-7813,8309,-1736,2891,-4245,1461,12
24,,4181,-7845,8229,-1734,2933,-4236,1415,13
25,,4311,-7847,8123,-1732,2976,-4224,1368,16
26,,4446,-7858,8040,-1732,3024,-4214,1312,16
27,,4555,-7893,7945,-1732,3067,-4205,1262,17
28,,4665,-7920,7875,-1735,3101,-4202,1208,12
29,,4790,-7938,7749,-1736,3137,-4186,1163,12
30,,4923,-7946,7674,-1732,3180,-4170,1118,17
31,,5002,-7982,7561,-1730,3213,-4160,1060,15
32,,5127,-8009,7497,-1725,3261,-4142,1018,22
33,,5236,-8002,7402,-1733,3295,-4135,960,15
34,,5340,-8037,7315,-1736,3329,-4122,911,14
35,,5435,-8061,7208,-1736,3361,-4115,864,12
36,,5550,-8044,7111,-1729,3397,-4097,817,15
37,,5692,-8057,7023,-1732,3431,-4077,766,15
38,,5784,-8040,6897,-1731,3456,-4053,712,15
39,,5891,-8051,6817,-1735,3491,-4037,660,13
40,,6003,-8063,6693,-1735,3519,-4014,615,12
41,,6123,-8041,6559,-1736,3542,-3995,570,11
42,,6256,-8034,6431,-1731,3572,-3972,522,14
43,,6382,-8040,6315,-1732,3602,-3948,470,16
44,,6478,-8012,6211,-1732,3634,-3922,416,15
45,,6586,-7997,6086,-1734,3663,-3904,356,12
46,,6685,-7969,5949,-1735,3693,-3879,312,13
47,,6788,-7933,5842,-1738,3720,-3857,265,13
48,,6875,-7899,5688,-1732,3745,-3831,223,15
49,,6996,-7848,5522,-1732,3774,-3805,169,15
50,,7087,-7799,5433,-1731,3802,-3782,117,15
51,,7173,-7751,5288,-1728,3837,-3761,68,17
52,,7234,-7714,5119,-1735,3861,-3742,17,11
53,,7359,-7679,4976,-1737,3887,-3710,-28,13
54,,7462,-7701,4873,-1730,3916,-3675,-85,15
55,,7551,-7708,4740,-1731,3945,-3647,-159,15
56,,7633,-7674,4637,-1733,3979,-3618,-218,15
57,,7731,-7667,4516,-1734,4005,-3595,-264,12
58,,7793,-7682,4406,-1734,4021,-3578,-299,12
59,,7927,-7649,4307,-1734,4043,-3556,-333,13
60,,7999,-7635,4205,-1732,4068,-3521,-386,15
61,,8084,-7599,4098,-1732,4103,-3488,-463,15
62,,8140,-7631,3991,-1730,4130,-3457,-543,14
63,,8208,-7637,3884,-1736,4149,-3438,-593,12
64,,8292,-7612,3799,-1734,4168,-3419,-609,13
65,,8340,-7570,3704,-1732,4189,-3399,-632,13
66,,8397,-7509,3609,-1732,4210,-3363,-681,16
67,,8427,-7473,3490,-1730,4245,-3328,-756,15
68,,8467,-7457,3393,-1734,4266,-3298,-833,13
69,,8483,-7383,3303,-1736,4280,-3280,-876,12
70,,8493,-7289,3146,-1735,4296,-3258,-895,11
71,,8519,-7204,3048,-1732,4307,-3233,-916,15
72,,8533,-7118,2914,-1733,4322,-3201,-967,15
73,,8561,-7023,2800,-1730,4347,-3152,-1036,16
74,,8550,-6959,2683,-1736,4341,-3082,-1113,11
75,,8546,-6854,2549,-1735,4301,-3003,-1164,16
76,,8552,-6769,2420,-1736,4279,-2959,-1196,12
77,,8531,-6636,2282,-1738,4312,-2946,-1224,9
78,,8556,-6525,2149,-1732,4361,-2931,-1267,13
79,,8539,-6418,2025,-1732,4378,-2877,-1332,16
80,,8522,-6288,1920,-1737,4362,-2804,-1409,11
81,,8510,-6160,1750,-1737,4340,-2749,-1459,12
82,,8477,-6036,1593,-1737,4354,-2721,-1493,11
83,,8466,-5898,1462,-1734,4385,-2698,-1517,14
84,,8447,-5761,1338,-1732,4394,-2651,-1573,15
85,,8419,-5648,1194,-1732,4383,-2577,-1638,16
86,,8393,-5530,1038,-1735,4373,-2513,-1707,13
87,,8378,-5431,883,-1737,4377,-2473,-1756,11
88,,8358,-5297,754,-1733,4396,-2441,-1788,13
89,,8321,-5186,621,-1732,4401,-2394,-1825,15
90,,8288,-5088,493,-1730,4389,-2327,-1883,15
91,,8306,-5004,378,-1732,4369,-2258,-1953,15
92,,8275,-4897,258,-1736,4369,-2207,-2012,13
93,,8278,-4827,140,-1735,4376,-2158,-2049,12
94,,8284,-4767,-2,-1734,4372,-2116,-2083,13
95,,8313,-4692,-135,-1731,4354,-2050,-2119,14
96,,8337,-4626,-257,-1729,4337,-1988,-2176,16
97,,8385,-4590,-371,-1735,4333,-1937,-2237,13
98,,8412,-4529,-501,-1735,4343,-1889,-2284,12
99,,8436,-4475,-646,-1734,4343,-1846,-2322,12
100,,8469,-4434,-775,-1732,4331,-1796,-2353,14
101,,8499,-4381,-942,-1731,4312,-1740,-2390,15
102,,8551,-4289,-1080,-1729,4307,-1691,-2437,16
103,,8585,-4239,-1226,-1736,4310,-1648,-2491,12
104,,8620,-4168,-1381,-1733,4314,-1604,-2533,13
105,,8657,-4106,-1528,-1736,4303,-1552,-2576,11
106,,8718,-4027,-1683,-1732,4288,-1498,-2606,15
107,,8730,-3946,-1858,-1730,4276,-1449,-2647,14
108,,8769,-3848,-2006,-1728,4274,-1398,-2689,15
109,,8808,-3793,-2185,-1735,4266,-1356,-2737,12
110,,8854,-3691,-2365,-1735,4256,-1308,-2782,12
111,,8918,-3604,-2514,-1733,4248,-1254,-2819,15
112,,8962,-3513,-2683,-1733,4237,-1202,-2860,13
113,,8978,-3431,-2828,-1728,4234,-1146,-2893,18
114,,8996,-3317,-2987,-1729,4221,-1105,-2943,15
115,,9024,-3207,-3168,-1735,4213,-1056,-2990,13
116,,9044,-3121,-3338,-1733,4201,-1006,-3026,14
117,,9108,-3025,-3478,-1732,4187,-954,-3061,14
118,,9124,-2930,-3635,-1730,4171,-902,-3096,15
119,,9152,-2827,-3769,-1730,4159,-850,-3130,16
120,,9174,-2722,-3944,-1730,4150,-796,-3173,16
121,,9199,-2618,-4089,-1733,4131,-750,-3216,13
122,,9202,-2536,-4236,-1734,4118,-698,-3256,12
123,,9225,-2426,-4359,-1732,4102,-648,-3288,15
124,,9213,-2317,-4538,-1730,4079,-601,-3317,16
125,,9228,-2181,-4681,-1729,4064,-545,-3344,16
126,,9247,-2067,-4856,-1730,4048,-491,-3378,17
127,,9263,-1976,-4994,-1734,4028,-447,-3420,13
128,,9252,-1840,-5162,-1736,4007,-398,-3466,10
129,,9265,-1713,-5291,-1729,3988,-340,-3490,15
130,,9264,-1609,-5435,-1731,3964,-290,-3527,15
131,,9274,-1486,-5571,-1729,3937,-230,-3547,15
132,,9308,-1406,-5700,-1733,3901,-169,-3574,13
133,,9307,-1313,-5884,-1732,3868,-122,-3602,12
134,,9290,-1205,-6016,-1733,3864,-82,-3634,11
135,,9299,-1082,-6152,-1729,3853,-38,-3667,14
136,,9313,-966,-6241,-1728,3819,29,-3699,15
137,,9323,-881,-6372,-1728,3777,99,-3743,16
138,,9339,-787,-6513,-1731,3749,148,-3772,13
139,,9332,-704,-6623,-1733,3741,188,-3780,12
140,,9336,-609,-6723,-1733,3725,225,-3797,12
141,,9345,-538,-6846,-1729,3685,283,-3829,13
142,,9369,-448,-6961,-1726,3646,353,-3870,16
143,,9379,-364,-7046,-1728,3612,415,-3898,17
144,,9359,-275,-7176,-1732,3599,453,-3919,14
145,,9380,-214,-7251,-1731,3582,488,-3930,14
146,,9354,-134,-7371,-1733,3556,542,-3949,11
147,,9354,-63,-7450,-1726,3509,603,-3981,15
148,,9357,21,-7537,-1728,3465,661,-4006,14
149,,9361,94,-7604,-1728,3442,710,-4017,15
150,,9330,208,-7703,-1732,3420,742,-4033,13
151,,9301,286,-7775,-1732,3388,788,-4045,12
152,,9288,352,-7857,-1732,3355,847,-4063,15
153,,9227,409,-7903,-1730,3316,903,-4083,13
154,,9188,535,-7977,-1730,3281,951,-4101,15
155,,9139,631,-8029,-1730,3251,992,-4109,15
156,,9086,755,-8077,-1734,3216,1033,-4122,12
157,,8996,843,-8126,-1733,3177,1084,-4134,12
158,,8949,948,-8177,-1731,3141,1140,-4143,16
159,,8831,1056,-8232,-1730,3103,1193,-4157,14
160,,8727,1171,-8251,-1730,3065,1244,-4169,16
161,,8652,1287,-8297,-1735,3023,1287,-4186,11
162,,8546,1404,-8302,-1736,2980,1336,-4193,12
163,,8449,1507,-8342,-1735,2933,1393,-4202,12
164,,8353,1623,-8364,-1731,2884,1448,-4208,15
165,,8235,1749,-8341,-1731,2841,1505,-4217,14
166,,8142,1847,-8369,-1730,2798,1560,-4228,16
167,,8021,1941,-8400,-1736,2747,1609,-4237,13
168,,7933,2069,-8388,-1736,2698,1661,-4239,12
169,,7816,2182,-8381,-1737,2643,1716,-4244,11
170,,7745,2281,-8393,-1732,2591,1765,-4245,15
171,,7642,2388,-8386,-1732,2543,1816,-4247,17
172,,7549,2518,-8388,-1733,2499,1868,-4248,15
173,,7450,2602,-8413,-1737,2449,1917,-4259,13
174,,7354,2717,-8437,-1738,2394,1965,-4259,11
175,,7254,2806,-8422,-1739,2340,2015,-4257,11
176,,7184,2934,-8437,-1734,2287,2060,-4246,15
177,,7102,3080,-8443,-1732,2238,2113,-4244,15
178,,7008,3196,-8465,-1733,2188,2161,-4241,16
179,,6929,3313,-8483,-1738,2135,2209,-4240,13
180,,6847,3444,-8510,-1739,2078,2255,-4238,11
181,,6782,3584,-8549,-1736,2028,2303,-4228,15
182,,6726,3700,-8614,-1736,1971,2349,-4220,15
183,,6682,3803,-8652,-1735,1913,2400,-4211,14
184,,6615,3928,-8674,-1735,1852,2446,-4200,17
185,,6585,4062,-8755,-1739,1803,2495,-4201,14
186,,6555,4178,-8842,-1741,1753,2539,-4196,12
187,,6513,4300,-8896,-1738,1704,2583,-4193,14
188,,6466,4414,-8956,-1736,1652,2629,-4185,15
189,,6430,4549,-9004,-1736,1592,2679,-4179,16
190,,6399,4654,-9066,-1736,1541,2722,-4174,15
191,,6341,4784,-9117,-1740,1491,2761,-4169,14
192,,6317,4884,-9176,-1740,1443,2804,-4160,12
193,,6289,5017,-9245,-1735,1395,2848,-4153,15
194,,6243,5145,-9305,-1733,1342,2889,-4146,15
195,,6195,5276,-9382,-1732,1295,2932,-4143,15
196,,6139,5399,-9459,-1737,1251,2971,-4142,13
197,,6074,5529,-9481,-1735,1206,3007,-4130,12
198,,6007,5646,-9550,-1733,1158,3056,-4119,16
199,,5957,5796,-9565,-1729,1106,3100,-4101,19
200,,5875,5878,-9606,-1730,1055,3140,-4097,17
201,,5824,6001,-9641,-1732,1006,3173,-4097,15
202,,5753,6121,-9680,-1736,959,3209,-4091,12
203,,5679,6243,-9727,-1736,911,3244,-4076,13
204,,5603,6386,-9745,-1737,857,3286,-4064,11
205,,5517,6493,-9754,-1732,805,3324,-4042,16
206,,5437,6611,-9771,-1733,753,3358,-4031,15
207,,5360,6732,-9835,-1733,707,3391,-4016,15
208,,5280,6852,-9861,-1736,654,3425,-4005,14
209,,5204,6968,-9863,-1737,600,3463,-3986,13
210,,5135,7090,-9905,-1738,542,3498,-3970,12
211,,5037,7230,-9892,-1733,496,3532,-3944,15
212,,4985,7334,-9913,-1733,451,3562,-3920,15
213,,4899,7447,-9914,-1733,400,3589,-3897,16
214,,4816,7545,-9929,-1735,344,3619,-3885,11
215,,4732,7656,-9934,-1738,293,3651,-3862,11
216,,4644,7754,-9897,-1736,242,3678,-3837,14
217,,4554,7857,-9885,-1732,195,3703,-3807,17
218,,4475,7940,-9869,-1734,152,3731,-3784,16
219,,4385,8047,-9868,-1732,103,3763,-3761,16
220,,4290,8154,-9856,-1736,37,3789,-3737,12
221,,4207,8281,-9900,-1738,-21,3822,-3704,10
222,,4127,8388,-9900,-1735,-63,3856,-3673,14
223,,4045,8444,-9915,-1732,-108,3868,-3665,15
224,,3958,8563,-9886,-1732,-150,3887,-3647,16
225,,3869,8656,-9893,-1736,-209,3919,-3622,13
226,,3808,8763,-9872,-1736,-273,3952,-3589,12
227,,3722,8874,-9898,-1745,-337,3979,-3567,1
228,,3651,8971,-9897,-1733,-368,4006,-3531,14
229,,3571,9057,-9887,-1733,-406,4019,-3520,15
230,,3491,9149,-9836,-1733,-452,4041,-3499,16
231,,3401,9220,-9810,-1739,-510,4073,-3474,10
232,,3315,9307,-9780,-1737,-569,4106,-3436,13
233,,3229,9374,-9780,-1739,-626,4129,-3413,11
234,,3157,9443,-9741,-1732,-665,4153,-3387,15
235,,3081,9498,-9676,-1732,-710,4168,-3368,16
236,,3006,9590,-9631,-1733,-754,4189,-3341,16
237,,2922,9648,-9602,-1736,-809,4214,-3317,11
238,,2815,9703,-9570,-1737,-861,4241,-3282,12
239,,2739,9741,-9492,-1739,-914,4259,-3255,11
240,,2661,9803,-9427,-1732,-961,4277,-3225,15
241,,2562,9862,-9381,-1732,-1001,4294,-3196,14
242,,2451,9877,-9284,-1732,-1048,4309,-3171,16
243,,2378,9926,-9201,-1737,-1101,4317,-3140,14
244,,2284,9967,-9102,-1738,-1155,4299,-3079,13
245,,2175,10018,-9006,-1736,-1190,4284,-2986,14
246,,2055,10041,-8908,-1733,-1241,4281,-2921,15
247,,1934,10062,-8827,-1733,-1309,4308,-2902,16
248,,1830,10057,-8707,-1732,-1365,4347,-2897,16
249,,1743,10105,-8624,-1737,-1409,4358,-2875,12
250,,1617,10107,-8505,-1738,-1447,4345,-2813,12
251,,1530,10130,-8383,-1736,-1492,4343,-2737,13
252,,1420,10106,-8292,-1735,-1560,4355,-2681,16
253,,1327,10107,-8186,-1734,-1620,4372,-2656,17
254,,1193,10108,-8093,-1737,-1664,4385,-2634,12
255,,1117,10121,-7957,-1737,-1694,4388,-2587,12
256,,998,10083,-7826,-1739,-1743,4380,-2530,12
257,,900,10094,-7705,-1733,-1803,4385,-2461,15
258,,811,10080,-7590,-1734,-1860,4393,-2410,16
259,,699,10076,-7488,-1733,-1904,4400,-2372,16
260,,579,10045,-7391,-1742,-1947,4393,-2352,7
261,,460,10051,-7277,-1737,-1982,4395,-2297,12
262,,336,10041,-7172,-1739,-2040,4389,-2231,11
263,,248,10027,-7056,-1734,-2098,4389,-2156,14
264,,144,10033,-6970,-1737,-2143,4385,-2099,14
265,,19,10019,-6886,-1731,-2178,4385,-2054,17
266,,-114,10047,-6827,-1739,-2225,4375,-2026,11
267,,-203,10043,-6761,-1737,-2273,4374,-1978,12
268,,-297,10071,-6680,-1739,-2331,4371,-1914,12
269,,-392,10095,-6594,-1736,-2379,4360,-1846,13
270,,-490,10116,-6544,-1732,-2414,4355,-1789,15
271,,-628,10164,-6460,-1734,-2446,4347,-1745,17
272,,-749,10175,-6412,-1738,-2491,4346,-1713,13
273,,-868,10197,-6335,-1743,-2541,4343,-1670,9
274,,-980,10217,-6260,-1734,-2583,4343,-1608,15
275,,-1108,10254,-6178,-1733,-2626,4331,-1550,15
276,,-1198,10279,-6110,-1731,-2664,4323,-1495,18
277,,-1311,10286,-6017,-1732,-2702,4318,-1457,15
278,,-1449,10310,-5929,-1738,-2741,4313,-1421,12
279,,-1581,10323,-5866,-1737,-2788,4305,-1377,12
280,,-1709,10371,-5799,-1737,-2833,4295,-1320,13
281,,-1845,10384,-5720,-1736,-2872,4277,-1259,15
282,,-1949,10410,-5592,-1735,-2910,4269,-1201,16
283,,-2053,10439,-5504,-1734,-2944,4265,-1155,16
284,,-2217,10471,-5443,-1738,-2990,4258,-1118,13
285,,-2368,10523,-5381,-1743,-3032,4240,-1081,5
286,,-2447,10512,-5282,-1733,-3066,4230,-1017,15
287,,-2532,10547,-5170,-1734,-3106,4217,-956,14
288,,-2624,10580,-5088,-1735,-3149,4210,-905,16
289,,-2789,10615,-5021,-1737,-3191,4194,-870,12
290,,-2904,10631,-4898,-1737,-3217,4186,-828,15
291,,-3005,10630,-4800,-1737,-3243,4174,-778,14
292,,-3122,10645,-4717,-1741,-3289,4152,-728,9
293,,-3245,10616,-4597,-1735,-3321,4135,-671,15
294,,-3381,10637,-4505,-1735,-3349,4113,-615,15
295,,-3464,10651,-4369,-1738,-3378,4093,-572,12
296,,-3575,10636,-4278,-1738,-3407,4074,-527,12
297,,-3733,10659,-4136,-1740,-3432,4057,-481,12
298,,-3845,10633,-4006,-1735,-3454,4035,-424,17
299,,-3963,10616,-3886,-1734,-3490,4006,-372,15
300,,-4107,10611,-3794,-1734,-3521,3982,-314,14
301,,-4191,10577,-3664,-1737,-3552,3961,-265,14
302,,-4285,10560,-3538,-1738,-3579,3938,-221,11
303,,-4401,10518,-3421,-1741,-3607,3914,-182,11
304,,-4492,10495,-3260,-1735,-3633,3892,-129,16
305,,-4578,10458,-3129,-1735,-3660,3867,-71,15
306,,-4685,10426,-3003,-1734,-3691,3843,-17,16
307,,-4799,10392,-2848,-1741,-3726,3817,29,13
308,,-4866,10358,-2701,-1738,-3751,3792,70,12
309,,-4964,10331,-2574,-1736,-3775,3770,127,15
310,,-5079,10351,-2453,-1735,-3800,3736,193,14
311,,-5175,10345,-2321,-1734,-3834,3708,265,15
312,,-5268,10327,-2227,-1736,-3868,3679,314,16
313,,-5359,10325,-2122,-1738,-3890,3657,349,13
314,,-5441,10327,-2006,-1738,-3906,3639,379,13
315,,-5533,10323,-1894,-1736,-3929,3619,422,15
316,,-5632,10311,-1770,-1737,-3954,3584,490,16
317,,-5712,10313,-1672,-1733,-3989,3546,571,17
318,,-5814,10283,-1574,-1739,-4025,3518,636,11
319,,-5896,10275,-1492,-1738,-4040,3500,675,12
320,,-5940,10268,-1363,-1738,-4059,3477,684,12
321,,-5987,10228,-1274,-1734,-4076,3455,722,15
322,,-6037,10214,-1158,-1735,-4097,3426,782,13
323,,-6045,10164,-1068,-1733,-4127,3391,867,18
324,,-6102,10127,-967,-1736,-4154,3363,932,15
325,,-6153,10045,-874,-1739,-4170,3340,966,12
326,,-6173,9989,-776,-1741,-4187,3314,978,13
327,,-6191,9916,-650,-1734,-4195,3291,1011,16
328,,-6188,9848,-530,-1733,-4213,3264,1071,16
329,,-6221,9728,-403,-1735,-4237,3217,1144,16
330,,-6216,9654,-258,-1739,-4240,3156,1205,12
331,,-6247,9542,-137,-1738,-4201,3075,1243,11
332,,-6233,9457,-18,-1740,-4170,3016,1273,11
333,,-6245,9334,137,-1734,-4188,3000,1306,16
334,,-6247,9224,285,-1735,-4241,2987,1358,14
335,,-6245,9091,417,-1733,-4271,2948,1432,19
336,,-6228,8973,564,-1738,-4255,2872,1498,13
337,,-6196,8846,708,-1738,-4230,2811,1548,12
338,,-6181,8726,843,-1736,-4233,2778,1575,14
339,,-6167,8600,985,-1733,-4264,2757,1612,16
340,,-6130,8463,1147,-1734,-4289,2714,1667,15
341,,-6118,8356,1290,-1736,-4280,2649,1742,17
342,,-6078,8225,1409,-1738,-4266,2576,1804,13
343,,-6041,8112,1555,-1738,-4262,2532,1846,13
344,,-6047,7999,1670,-1737,-4275,2500,1882,16
345,,-6004,7885,1793,-1735,-4286,2454,1921,15
346,,-5972,7799,1947,-1734,-4281,2393,1981,16
347,,-5932,7683,2066,-1732,-4264,2321,2050,16
348,,-5934,7578,2188,-1738,-4261,2264,2099,13
349,,-5947,7518,2303,-1738,-4261,2219,2131,12
350,,-5952,7440,2442,-1735,-4254,2177,2172,16
351,,-5969,7403,2577,-1735,-4242,2117,2217,16
352,,-6021,7340,2700,-1735,-4225,2051,2271,15
353,,-6069,7274,2825,-1739,-4221,1994,2323,12
354,,-6107,7229,2970,-1737,-4222,1946,2365,11
355,,-6137,7181,3102,-1739,-4227,1904,2405,12
356,,-6161,7145,3251,-1736,-4214,1859,2446,16
357,,-6199,7099,3397,-1734,-4195,1804,2491,15
358,,-6281,7007,3504,-1735,-4190,1751,2536,16
359,,-6293,6967,3658,-1740,-4200,1701,2576,12
360,,-6321,6893,3824,-1738,-4204,1661,2622,12
361,,-6366,6822,3966,-1741,-4198,1612,2666,11
362,,-6373,6732,4100,-1736,-4181,1560,2709,14
363,,-6391,6668,4284,-1736,-4168,1509,2747,15
364,,-6451,6576,4454,-1738,-4161,1468,2786,16
365,,-6494,6490,4585,-1739,-4161,1420,2819,13
366,,-6513,6381,4775,-1740,-4153,1373,2862,12
367,,-6563,6291,4937,-1741,-4139,1318,2903,13
368,,-6597,6206,5118,-1732,-4121,1264,2945,16
369,,-6612,6103,5322,-1736,-4112,1214,2988,15
370,,-6657,6024,5472,-1737,-4103,1169,3032,17
371,,-6705,5904,5609,-1741,-4104,1117,3071,12
372,,-6745,5781,5757,-1740,-4092,1060,3109,12
373,,-6790,5706,5923,-1737,-4074,1012,3153,13
374,,-6810,5597,6092,-1736,-4060,958,3191,16
375,,-6840,5497,6245,-1739,-4047,911,3226,13
376,,-6844,5415,6388,-1736,-4029,863,3267,16
377,,-6877,5307,6530,-1739,-4018,808,3302,12
378,,-6889,5201,6691,-1740,-4007,753,3337,11
379,,-6907,5109,6827,-1738,-3987,707,3378,14
380,,-6932,5006,6974,-1733,-3969,655,3414,16
381,,-6928,4898,7108,-1735,-3954,605,3445,16
382,,-6930,4804,7263,-1743,-3940,554,3476,10
383,,-6917,4687,7423,-1740,-3916,507,3517,12
384,,-6915,4536,7559,-1743,-3899,453,3551,12
385,,-6931,4430,7697,-1735,-3875,401,3588,15
386,,-6933,4323,7837,-1737,-3857,343,3620,15
387,,-6933,4217,7986,-1737,-3819,285,3643,15
388,,-6964,4111,8140,-1737,-3777,231,3664,16
389,,-6980,3995,8297,-1741,-3754,181,3689,13
390,,-6988,3889,8434,-1744,-3755,140,3724,11
391,,-6995,3780,8552,-1739,-3738,84,3764,13
392,,-7016,3689,8684,-1736,-3692,19,3802,18
393,,-7054,3629,8832,-1737,-3655,-40,3839,13
394,,-7052,3529,8955,-1740,-3642,-87,3855,11
395,,-7050,3429,9058,-1741,-3636,-127,3864,11
396,,-7070,3337,9184,-1741,-3608,-172,3892,10
397,,-7079,3252,9295,-1739,-3563,-233,3934,15
398,,-7073,3143,9384,-1737,-3531,-294,3967,15
399,,-7081,3077,9495,-1738,-3509,-342,3987,17
400,,-7090,2986,9625,-1741,-3503,-382,3991,12
401,,-7071,2887,9756,-1742,-3475,-424,4012,12
402,,-7063,2804,9858,-1738,-3430,-482,4046,15
403,,-7022,2688,9948,-1738,-3386,-540,4074,15
404,,-7018,2587,10049,-1738,-3358,-591,4090,15
405,,-7015,2494,10147,-1738,-3343,-634,4096,15
406,,-7019,2405,10245,-1743,-3313,-679,4105,11
407,,-6996,2307,10348,-1739,-3268,-733,4127,14
408,,-6966,2217,10446,-1739,-3230,-791,4148,15
409,,-6920,2107,10511,-1737,-3197,-837,4171,15
410,,-6872,1986,10591,-1738,-3173,-880,4194,16
411,,-6831,1896,10646,-1740,-3145,-929,4198,12
412,,-6795,1806,10717,-1739,-3101,-983,4209,14
413,,-6721,1704,10779,-1741,-3056,-1036,4215,11
414,,-6634,1584,10831,-1737,-3017,-1090,4230,15
415,,-6582,1502,10859,-1736,-2986,-1134,4255,15
416,,-6468,1379,10896,-1735,-2948,-1179,4270,17
417,,-6368,1249,10931,-1739,-2910,-1237,4280,13
418,,-6285,1125,10959,-1740,-2861,-1293,4287,12
419,,-6199,1041,10998,-1741,-2817,-1349,4293,11
420,,-6048,925,10986,-1735,-2770,-1395,4307,14
421,,-5957,809,10999,-1733,-2726,-1448,4322,16
422,,-5859,716,11006,-1735,-2675,-1501,4331,16
423,,-5779,581,11011,-1739,-2625,-1564,4334,12
424,,-5697,488,11002,-1737,-2578,-1615,4334,14
425,,-5584,390,10999,-1739,-2538,-1660,4331,12
426,,-5479,271,11006,-1738,-2494,-1703,4336,11
427,,-5357,180,10999,-1731,-2441,-1754,4348,18
428,,-5262,69,10997,-1735,-2393,-1816,4357,15
429,,-5144,-41,11021,-1734,-2336,-1861,4361,14
430,,-5043,-177,11029,-1738,-2289,-1908,4352,11
431,,-4974,-277,10987,-1735,-2242,-1949,4348,14
432,,-4865,-407,11000,-1732,-2186,-1997,4343,15
433,,-4754,-535,11021,-1731,-2131,-2053,4344,15
434,,-4681,-644,11061,-1732,-2072,-2105,4343,15
435,,-4568,-780,11059,-1735,-2019,-2150,4336,12
436,,-4504,-920,11117,-1736,-1970,-2194,4329,13
437,,-4453,-1047,11172,-1733,-1914,-2244,4324,14
438,,-4385,-1150,11190,-1730,-1858,-2296,4323,14
439,,-4323,-1268,11227,-1728,-1794,-2340,4320,19
440,,-4293,-1420,11293,-1732,-1743,-2388,4305,15
441,,-4253,-1515,11349,-1734,-1693,-2431,4290,13
442,,-4220,-1611,11405,-1734,-1644,-2481,4283,13
443,,-4160,-1730,11475,-1727,-1582,-2519,4295,18
444,,-4157,-1863,11526,-1729,-1532,-2573,4288,14
445,,-4130,-2004,11607,-1728,-1481,-2620,4285,14
446,,-4078,-2134,11676,-1733,-1440,-2666,4273,12
447,,-4045,-2249,11744,-1735,-1394,-2708,4255,9
448,,-3997,-2349,11807,-1734,-1337,-2749,4259,14
449,,-3925,-2474,11843,-1733,-1285,-2788,4261,14
450,,-3893,-2609,11881,-1730,-1238,-2830,4261,16
451,,-3840,-2729,11924,-1732,-1196,-2872,4246,15
452,,-3775,-2871,12000,-1736,-1148,-2913,4235,13
453,,-3698,-2984,12050,-1737,-1097,-2952,4221,12
454,,-3641,-3109,12073,-1739,-1045,-2996,4209,12
455,,-3540,-3239,12131,-1733,-989,-3034,4211,15
456,,-3480,-3382,12144,-1737,-946,-3077,4206,14
457,,-3418,-3511,12195,-1732,-899,-3115,4196,16
458,,-3372,-3622,12233,-1743,-854,-3158,4171,4
459,,-3306,-3757,12293,-1737,-795,-3197,4160,13
460,,-3219,-3881,12326,-1738,-742,-3232,4145,13
461,,-3138,-3986,12356,-1733,-689,-3261,4141,14
462,,-3050,-4114,12391,-1735,-639,-3295,4128,13
463,,-3007,-4235,12423,-1734,-589,-3333,4114,17
464,,-2957,-4381,12478,-1737,-541,-3376,4092,11
465,,-2885,-4484,12487,-1737,-484,-3410,4077,13
466,,-2805,-4591,12505,-1737,-431,-3445,4061,13
467,,-2727,-4716,12509,-1733,-385,-3472,4044,14
468,,-2645,-4833,12542,-1734,-336,-3500,4023,14
469,,-2574,-4935,12555,-1731,-287,-3529,4001,18
470,,-2492,-5084,12552,-1738,-236,-3563,3973,12
471,,-2377,-5163,12533,-1738,-189,-3596,3950,12
472,,-2268,-5264,12523,-1735,-142,-3616,3933,12
473,,-2184,-5362,12512,-1733,-97,-3639,3911,14
474,,-2093,-5467,12475,-1731,-46,-3665,3894,17
475,,-1966,-5585,12486,-1737,9,-3700,3864,13
476,,-1899,-5710,12510,-1736,71,-3730,3834,12
477,,-1807,-5854,12508,-1738,127,-3767,3800,12
478,,-1703,-5943,12497,-1730,172,-3792,3773,15
479,,-1633,-6054,12491,-1735,216,-3814,3757,14
480,,-1514,-6158,12503,-1733,259,-3830,3748,17
481,,-1435,-6245,12479,-1736,318,-3857,3721,12
482,,-1375,-6351,12466,-1738,379,-3894,3687,12
483,,-1297,-6460,12477,-1739,430,-3933,3651,13
484,,-1191,-6557,12440,-1730,478,-3947,3631,18
485,,-1116,-6626,12443,-1732,515,-3960,3619,16
486,,-1023,-6741,12421,-1732,560,-3981,3602,15
487,,-939,-6805,12400,-1736,616,-4017,3567,13
488,,-833,-6893,12369,-1736,679,-4047,3536,14
489,,-735,-6968,12341,-1738,730,-4070,3509,13
490,,-654,-7061,12299,-1731,771,-4085,3493,17
491,,-578,-7136,12216,-1732,809,-4103,3470,13
492,,-474,-7223,12182,-1732,856,-4128,3448,16
493,,-385,-7284,12146,-1736,910,-4158,3409,12
494,,-286,-7337,12086,-1736,970,-4181,3382,12
495,,-190,-7395,12033,-1735,1025,-4199,3356,16
496,,-77,-7466,11953,-1733,1067,-4215,3325,15
497,,18,-7509,11898,-1734,1111,-4233,3301,15
498,,93,-7559,11831,-1731,1162,-4250,3271,17
499,,184,-7602,11743,-1737,1217,-4269,3231,13
500,,297,-7659,11663,-1735,1274,-4255,3175,12
501,,382,-7689,11571,-1735,1317,-4229,3091,14
502,,492,-7698,11468,-1733,1353,-4220,3013,14
503,,603,-7721,11358,-1732,1417,-4241,2993,17
504,,718,-7737,11286,-1730,1479,-4282,2998,18
505,,784,-7780,11178,-1736,1522,-4312,2974,12
506,,905,-7783,11063,-1737,1560,-4302,2914,12
507,,1017,-7762,10949,-1731,1605,-4282,2839,14
508,,1131,-7748,10819,-1733,1669,-4289,2782,15
509,,1209,-7754,10713,-1732,1735,-4308,2749,15
510,,1318,-7765,10585,-1736,1776,-4337,2724,12
511,,1438,-7778,10478,-1736,1812,-4338,2689,13
512,,1549,-7745,10360,-1736,1850,-4329,2632,11
513,,1664,-7701,10203,-1732,1905,-4322,2566,16
514,,1780,-7688,10083,-1732,1970,-4329,2512,15
515,,1885,-7669,9991,-1732,2028,-4343,2475,16
516,,1979,-7677,9863,-1736,2062,-4346,2438,13
517,,2101,-7671,9755,-1733,2096,-4339,2390,12
518,,2204,-7659,9628,-1736,2141,-4332,2326,13
519,,2323,-7648,9533,-1735,2199,-4331,2257,11
520,,2424,-7643,9427,-1733,2259,-4333,2199,14
521,,2548,-7601,9368,-1732,2309,-4328,2156,16
522,,2658,-7625,9276,-1736,2344,-4323,2116,11
523,,2749,-7657,9175,-1735,2377,-4315,2061,12
524,,2844,-7679,9121,-1738,2425,-4309,1999,11
525,,2978,-7673,9060,-1733,2483,-4303,1943,16
526,,3074,-7707,8975,-1732,2536,-4303,1886,14
527,,3183,-7713,8946,-1730,2572,-4290,1846,17
528,,3288,-7745,8892,-1738,2604,-4287,1800,11
529,,3413,-7790,8825,-1737,2639,-4281,1758,12
530,,3531,-7810,8735,-1732,2690,-4277,1705,13
531,,3659,-7820,8658,-1732,2745,-4271,1650,16
532,,3781,-7846,8600,-1732,2783,-4265,1593,13
533,,3905,-7864,8504,-1732,2819,-4254,1548,15
534,,4012,-7886,8443,-1735,2853,-4253,1504,11
535,,4137,-7908,8343,-1738,2898,-4248,1467,13
536,,4248,-7950,8240,-1732,2943,-4238,1420,15
537,,4373,-7960,8138,-1733,2983,-4226,1368,14
538,,4493,-7983,8041,-1731,3018,-4215,1310,15
539,,4589,-7996,7950,-1735,3054,-4210,1257,11
540,,4760,-8016,7879,-1735,3097,-4194,1212,12
541,,4891,-8036,7787,-1737,3135,-4185,1166,13
542,,5025,-8039,7685,-1732,3176,-4170,1116,15
543,,5134,-8081,7563,-1733,3216,-4161,1060,16
544,,5232,-8056,7480,-1729,3256,-4146,1010,17
545,,5351,-8119,7409,-1737,3293,-4137,957,13
546,,5456,-8127,7311,-1736,3327,-4125,909,12
547,,5562,-8142,7217,-1737,3365,-4115,861,11
548,,5689,-8144,7129,-1732,3400,-4093,820,15
549,,5792,-8174,7028,-1730,3431,-4075,764,15
550,,5907,-8187,6923,-1731,3459,-4052,712,15
551,,5984,-8177,6786,-1735,3490,-4038,656,12
552,,6135,-8180,6701,-1736,3515,-4018,610,13
553,,6234,-8174,6555,-1736,3541,-3999,563,11
554,,6374,-8137,6456,-1731,3572,-3969,523,15
555,,6447,-8115,6339,-1732,3606,-3945,473,16
556,,6567,-8097,6200,-1730,3634,-3924,417,16
557,,6652,-8078,6062,-1735,3663,-3904,359,11
558,,6759,-8049,5945,-1736,3693,-3881,313,12
559,,6882,-7975,5808,-1734,3721,-3859,270,13
560,,6998,-7957,5670,-1733,3748,-3833,224,15
561,,7084,-7917,5539,-1731,3775,-3809,173,15
562,,7167,-7865,5401,-1732,3802,-3784,120,15
563,,7254,-7821,5247,-1737,3832,-3765,67,12
564,,7339,-7791,5087,-1735,3857,-3739,19,11
565,,7433,-7753,4964,-1734,3886,-3708,-29,13
566,,7557,-7750,4863,-1732,3913,-3675,-92,16
567,,7671,-7769,4753,-1730,3948,-3643,-156,16
568,,7742,-7735,4626,-1737,3982,-3620,-215,13
569,,7817,-7756,4490,-1735,4003,-3596,-259,14
570,,7917,-7745,4378,-1736,4018,-3582,-299,11
571,,8018,-7708,4270,-1731,4041,-3553,-334,16
572,,8103,-7698,4163,-1730,4074,-3525,-396,16
573,,8179,-7711,4074,-1730,4105,-3484,-469,15
574,,8236,-7698,3984,-1736,4135,-3458,-543,13
575,,8283,-7698,3867,-1736,4152,-3437,-588,12
576,,8377,-7683,3759,-1736,4168,-3421,-609,11
577,,8423,-7651,3681,-1732,4187,-3395,-632,15
578,,8463,-7612,3557,-1733,4209,-3367,-690,14
579,,8513,-7555,3463,-1732,4241,-3331,-767,15
580,,8536,-7516,3361,-1737,4265,-3305,-836,11
581,,8585,-7435,3282,-1735,4283,-3277,-871,15
582,,8593,-7389,3147,-1739,4293,-3257,-891,11
583,,8593,-7330,3006,-1734,4303,-3233,-918,14
584,,8643,-7227,2902,-1735,4318,-3204,-972,14
585,,8672,-7102,2789,-1733,4339,-3153,-1044,15
586,,8663,-7037,2659,-1737,4331,-3074,-1117,12
587,,8705,-6935,2518,-1736,4290,-2996,-1162,12
588,,8685,-6825,2390,-1732,4286,-2954,-1182,18
589,,8674,-6724,2236,-1732,4319,-2946,-1208,17
590,,8680,-6613,2105,-1731,4363,-2933,-1264,14
591,,8687,-6524,1964,-1732,4365,-2870,-1337,15
592,,8680,-6406,1832,-1735,4346,-2797,-1414,12
593,,8660,-6288,1702,-1737,4337,-2748,-1462,11
594,,8630,-6132,1571,-1731,4371,-2723,-1484,17
595,,8614,-6016,1422,-1732,4394,-2698,-1517,16
596,,8601,-5903,1280,-1731,4396,-2651,-1574,16
597,,8566,-5757,1146,-1731,4382,-2577,-1645,16
598,,8531,-5643,996,-1736,4371,-2519,-1712,12
599,,8460,-5507,847,-1736,4384,-2486,-1757,12
600,,8462,-5385,741,-1733,4407,-2445,-1783,15
601,,8445,-5273,623,-1733,4406,-2399,-1827,14
602,,8401,-5165,483,-1732,4386,-2330,-1887,16
603,,8385,-5053,342,-1735,4369,-2267,-1949,12
604,,8387,-4943,209,-1736,4372,-2215,-1997,13
605,,8369,-4848,62,-1736,4380,-2171,-2038,11
606,,8389,-4771,-44,-1731,4370,-2112,-2077,17
607,,8412,-4710,-175,-1731,4348,-2047,-2132,15
608,,8430,-4674,-325,-1732,4334,-1979,-2181,17
609,,8460,-4634,-454,-1735,4331,-1933,-2234,12
610,,8500,-4587,-595,-1736,4341,-1893,-2271,12
611,,8544,-4527,-741,-1737,4338,-1849,-2315,11
612,,8602,-4486,-830,-1731,4319,-1790,-2355,15
613,,8646,-4424,-964,-1730,4305,-1729,-2399,15
614,,8704,-4373,-1111,-1731,4305,-1677,-2439,16
615,,8738,-4324,-1290,-1734,4310,-1641,-2485,11
616,,8762,-4281,-1456,-1735,4311,-1600,-2532,12
617,,8805,-4205,-1579,-1736,4300,-1553,-2577,11
618,,8860,-4114,-1726,-1730,4288,-1497,-2615,15
619,,8887,-4021,-1860,-1730,4285,-1447,-2654,16
620,,8919,-3959,-2049,-1731,4282,-1401,-2692,15
621,,8923,-3863,-2213,-1733,4282,-1362,-2736,14
622,,8976,-3791,-2344,-1735,4268,-1317,-2778,13
623,,8984,-3672,-2546,-1732,4256,-1261,-2815,15
624,,9017,-3558,-2705,-1730,4241,-1207,-2852,15
625,,9044,-3482,-2865,-1734,4227,-1159,-2899,12
626,,9092,-3368,-3026,-1731,4222,-1109,-2936,16
627,,9143,-3252,-3193,-1734,4214,-1059,-2977,13
628,,9153,-3154,-3371,-1735,4198,-1005,-3017,12
629,,9183,-3081,-3547,-1733,4183,-954,-3061,12
630,,9223,-2964,-3703,-1731,4167,-904,-3097,15
631,,9271,-2847,-3841,-1728,4162,-849,-3134,18
632,,9278,-2756,-4018,-1733,4146,-799,-3178,14
633,,9320,-2678,-4159,-1736,4126,-743,-3217,12
634,,9362,-2587,-4286,-1731,4115,-686,-3245,16
635,,9351,-2471,-4435,-1729,4092,-640,-3280,15
636,,9366,-2400,-4572,-1730,4080,-594,-3313,14
637,,9369,-2285,-4743,-1732,4064,-549,-3355,12
638,,9387,-2193,-4872,-1734,4052,-497,-3395,12
639,,9403,-2086,-5017,-1735,4033,-444,-3434,12
640,,9394,-1941,-5172,-1734,4012,-391,-3465,12
641,,9387,-1829,-5285,-1730,3993,-336,-3487,16
642,,9367,-1704,-5440,-1729,3970,-289,-3519,16
643,,9372,-1606,-5584,-1726,3943,-231,-3545,16
644,,9422,-1491,-5752,-1732,3901,-173,-3577,12
645,,9426,-1405,-5905,-1732,3863,-124,-3602,13
646,,9438,-1273,-6044,-1734,3857,-80,-3630,12
647,,9464,-1151,-6167,-1729,3851,-30,-3660,14
648,,9476,-1058,-6325,-1730,3815,32,-3693,17
649,,9485,-965,-6485,-1727,3767,97,-3739,15
650,,9522,-882,-6610,-1738,3736,143,-3774,3
651,,9518,-788,-6738,-1732,3737,185,-3779,13
652,,9543,-711,-6865,-1731,3719,225,-3793,14
653,,9571,-599,-6959,-1729,3682,283,-3825,15
654,,9570,-519,-7061,-1730,3643,355,-3862,16
655,,9575,-441,-7189,-1729,3614,411,-3894,15
656,,9561,-355,-7316,-1731,3602,449,-3916,14
657,,9577,-264,-7415,-1734,3581,483,-3930,11
658,,9550,-194,-7506,-1730,3554,538,-3951,14
659,,9548,-95,-7601,-1727,3510,600,-3975,15
660,,9521,-2,-7673,-1726,3476,655,-3999,16
661,,9497,96,-7776,-1728,3458,699,-4010,18
662,,9475,211,-7887,-1732,3431,727,-4030,13
663,,9439,309,-7965,-1732,3396,774,-4040,11
664,,9403,437,-8034,-1729,3359,831,-4052,14
665,,9302,546,-8113,-1728,3320,885,-4076,14
666,,9241,671,-8191,-1729,3295,934,-4094,15
667,,9227,784,-8269,-1732,3265,977,-4106,12
668,,9168,860,-8318,-1733,3217,1030,-4116,12
669,,9095,994,-8370,-1734,3168,1087,-4126,11
670,,9026,1099,-8423,-1729,3125,1143,-4136,16
671,,8936,1201,-8462,-1728,3091,1195,-4152,14
672,,8863,1315,-8508,-1729,3059,1243,-4171,15
673,,8783,1417,-8530,-1733,3019,1301,-4188,12
674,,8680,1536,-8552,-1735,2970,1359,-4190,14
675,,8603,1629,-8624,-1737,2922,1401,-4199,11
676,,8492,1721,-8645,-1732,2875,1453,-4205,14
677,,8398,1828,-8625,-1729,2839,1506,-4217,15
678,,8330,1934,-8610,-1731,2790,1557,-4229,19
679,,8224,2047,-8701,-1723,2763,1639,-4207,15
680,,8008,2041,-9409,-1709,2888,1896,-3887,13
681,,7432,1658,-10723,-1711,3149,2281,-3234,7
682,,6849,1265,-11708,-1722,2934,1987,-3108,11
683,,6877,1528,-12124,-1739,2277,1282,-3783,12
684,,7624,2375,-11955,-1753,1849,1268,-4583,18
685,,8592,3349,-11540,-1755,1654,1585,-5070,15
686,,9164,4072,-11216,-1750,1873,1853,-4884,12
687,,9397,4517,-11011,-1749,2254,1822,-4354,14
688,,9476,4885,-10770,-1742,2230,1480,-4115,14
689,,9401,5186,-10513,-1739,2204,1794,-4154,14
690,,9214,5368,-10265,-1736,2180,2339,-4452,16
691,,8911,5492,-10114,-1737,2166,2422,-4717,14
692,,8454,5471,-10004,-1737,2446,2446,-4488,11
693,,7971,5409,-9889,-1732,2527,2322,-4128,15
694,,7532,5341,-9828,-1732,2217,2219,-4022,15
695,,7161,5353,-9736,-1734,1954,2507,-4127,15
696,,6840,5369,-9639,-1737,1853,2690,-4390,14
697,,6619,5390,-9570,-1738,1918,2613,-4535,12
698,,6407,5396,-9520,-1741,2014,2548,-4388,11
699,,6288,5441,-9508,-1736,1867,2526,-4147,14
700,,6194,5435,-9537,-1736,1586,2637,-4016,16
701,,6161,5511,-9598,-1736,1432,2799,-4050,16
702,,6190,5578,-9702,-1741,1455,2825,-4200,12
703,,6226,5640,-9765,-1740,1559,2802,-4274,12
704,,6288,5672,-9885,-1741,1526,2811,-4223,12
705,,6368,5723,-9978,-1731,1330,2869,-4104,16
706,,6414,5770,-10062,-1733,1162,2955,-4029,16
707,,6400,5860,-10148,-1732,1149,2983,-4065,15
708,,6387,5912,-10233,-1737,1238,2967,-4163,13
709,,6385,6029,-10274,-1735,1289,2995,-4223,13
710,,6369,6150,-10311,-1736,1202,3062,-4191,14
711,,6315,6263,-10339,-1733,1058,3135,-4094,14
712,,6215,6356,-10346,-1731,990,3168,-4021,15
713,,6134,6510,-10372,-1731,1000,3152,-4034,16
714,,6004,6671,-10412,-1737,1028,3157,-4109,13
715,,5900,6840,-10455,-1737,983,3203,-4166,12
716,,5770,6977,-10456,-1736,886,3283,-4138,15
717,,5647,7137,-10455,-1734,786,3325,-4050,14
718,,5528,7338,-10457,-1733,726,3303,-3988,14
719,,5467,7534,-10469,-1734,722,3323,-3973,17
720,,5367,7668,-10483,-1737,706,3407,-4004,13
721,,5281,7819,-10517,-1737,617,3453,-4030,13
722,,5192,7953,-10550,-1735,533,3496,-3987,15
723,,5107,8110,-10527,-1733,480,3547,-3929,15
724,,5034,8246,-10558,-1731,421,3550,-3927,17
725,,4974,8376,-10558,-1737,384,3564,-3926,13
726,,4896,8472,-10539,-1737,358,3616,-3887,12
727,,4808,8573,-10569,-1739,295,3656,-3849,12
728,,4739,8625,-10578,-1734,220,3691,-3816,15
729,,4673,8708,-10557,-1733,175,3720,-3792,15
730,,4576,8806,-10536,-1731,143,3729,-3789,16
731,,4473,8890,-10539,-1737,114,3755,-3781,14
732,,4371,8992,-10502,-1737,74,3793,-3743,12
733,,4285,9082,-10504,-1738,3,3830,-3708,11
734,,4169,9197,-10507,-1733,-73,3860,-3673,14
735,,4087,9278,-10521,-1733,-125,3886,-3649,16
736,,3990,9371,-10516,-1731,-150,3900,-3638,16
737,,3881,9465,-10488,-1736,-190,3914,-3634,11
738,,3797,9547,-10457,-1737,-245,3944,-3604,12
739,,3711,9628,-10465,-1739,-313,3987,-3559,11
740,,3621,9727,-10451,-1733,-374,4025,-3517,15
741,,3539,9812,-10458,-1733,-413,4043,-3497,14
742,,3440,9866,-10471,-1733,-447,4054,-3488,15
743,,3331,9955,-10434,-1737,-493,4065,-3482,14
744,,3259,10041,-10425,-1741,-561,4088,-3461,7
745,,3190,10121,-10355,-1735,-620,4129,-3417,15
746,,3079,10225,-10317,-1734,-674,4150,-3384,15
747,,3009,10288,-10251,-1732,-715,4177,-3361,15
748,,2911,10348,-10224,-1732,-746,4190,-3339,15
749,,2804,10420,-10203,-1737,-787,4210,-3322,11
750,,2689,10496,-10153,-1737,-843,4231,-3295,12
751,,2590,10581,-10087,-1734,-908,4257,-3259,15
752,,2542,10658,-10044,-1735,-968,4280,-3225,15
753,,2435,10684,-9988,-1733,-1011,4298,-3196,16
754,,2328,10718,-9908,-1732,-1051,4302,-3173,16
755,,2225,10780,-9828,-1737,-1098,4303,-3140,12
756,,2129,10816,-9716,-1737,-1151,4284,-3066,12
757,,2014,10855,-9647,-1733,-1193,4281,-2965,15
758,,1906,10885,-9546,-1732,-1252,4291,-2908,16
759,,1833,10904,-9474,-1733,-1312,4315,-2901,17
760,,1716,10933,-9383,-1736,-1360,4344,-2906,12
761,,1608,10963,-9301,-1738,-1404,4340,-2881,13
762,,1508,10995,-9184,-1738,-1452,4328,-2813,11
763,,1422,11007,-9067,-1734,-1515,4333,-2730,15
764,,1339,11056,-8957,-1734,-1584,4335,-2679,15
765,,1243,11083,-8823,-1733,-1629,4347,-2653,17
766,,1131,11120,-8715,-1739,-1658,4360,-2637,14
767,,1034,11135,-8602,-1738,-1690,4362,-2601,12
768,,929,11138,-8503,-1740,-1746,4362,-2539,11
769,,824,11164,-8370,-1735,-1816,4359,-2468,14
770,,745,11188,-8230,-1733,-1874,4365,-2413,17
771,,624,11212,-8093,-1733,-1909,4376,-2376,17
772,,526,11245,-7969,-1731,-1929,4384,-2339,20
773,,390,11252,-7893,-1735,-1972,4375,-2299,16
774,,245,11265,-7783,-1739,-2030,4369,-2234,11
775,,114,11271,-7682,-1735,-2088,4373,-2158,13
776,,-1,11299,-7588,-1735,-2133,4375,-2100,16
777,,-167,11340,-7491,-1736,-2161,4363,-2057,14
778,,-327,11359,-7410,-1739,-2196,4355,-2024,12
779,,-457,11401,-7350,-1739,-2239,4348,-1975,12
780,,-647,11463,-7255,-1734,-2287,4351,-1905,16
781,,-782,11508,-7183,-1735,-2344,4341,-1846,15
782,,-939,11578,-7150,-1733,-2389,4327,-1793,14
783,,-1075,11649,-7047,-1735,-2433,4309,-1754,13
784,,-1206,11736,-6961,-1738,-2480,4307,-1721,13
785,,-1340,11828,-6900,-1741,-2533,4302,-1679,11
786,,-1468,11921,-6833,-1737,-2583,4306,-1620,15
787,,-1585,11977,-6731,-1736,-2631,4288,-1559,14
788,,-1714,12058,-6640,-1735,-2678,4276,-1504,15
789,,-1817,12140,-6557,-1741,-2721,4269,-1467,10
790,,-1929,12247,-6460,-1739,-2759,4270,-1426,14
791,,-2030,12320,-6380,-1740,-2804,4259,-1384,11
792,,-2151,12417,-6285,-1735,-2840,4249,-1323,14
793,,-2247,12485,-6199,-1737,-2879,4239,-1264,15
794,,-2364,12568,-6120,-1738,-2929,4226,-1215,13
795,,-2456,12673,-6034,-1741,-2967,4215,-1168,14
796,,-2575,12765,-5923,-1740,-3006,4201,-1126,12
797,,-2674,12884,-5845,-1740,-3046,4189,-1079,11
798,,-2763,12978,-5748,-1736,-3074,4178,-1016,16
799,,-2877,13073,-5679,-1736,-3114,4163,-959,15
800,,-2958,13141,-5597,-1738,-3157,4150,-911,16
801,,-3089,13251,-5487,-1742,-3198,4135,-876,10
802,,-3176,13332,-5411,-1740,-3232,4125,-833,13
803,,-3281,13434,-5305,-1743,-3265,4112,-787,12
804,,-3376,13499,-5182,-1737,-3297,4094,-733,15
805,,-3485,13610,-5068,-1738,-3337,4077,-675,13
806,,-3604,13688,-4975,-1737,-3370,4061,-621,16
807,,-3714,13785,-4858,-1743,-3408,4037,-578,13
808,,-3826,13878,-4745,-1746,-3438,4011,-536,8
809,,-3918,13977,-4613,-1741,-3463,3996,-485,15
810,,-4024,14092,-4495,-1736,-3495,3964,-434,16
811,,-4111,14185,-4346,-1740,-3528,3937,-377,16
812,,-4215,14272,-4233,-1738,-3554,3917,-323,16
813,,-4311,14370,-4114,-1743,-3591,3888,-280,14
814,,-4379,14484,-3986,-1743,-3623,3855,-240,13
815,,-4481,14605,-3853,-1741,-3652,3833,-193,13
816,,-4542,14672,-3699,-1740,-3681,3801,-140,16
817,,-4624,14819,-3561,-1738,-3711,3779,-85,15
818,,-4676,14922,-3407,-1738,-3737,3756,-32,17
819,,-4778,15061,-3257,-1745,-3770,3725,8,12
820,,-4887,15198,-3139,-1749,-3805,3685,55,9
821,,-4962,15371,-3018,-1740,-3831,3650,128,15
822,,-5031,15535,-2924,-1739,-3856,3626,200,15
823,,-5117,15691,-2785,-1739,-3877,3607,250,15
824,,-5230,15859,-2664,-1746,-3906,3577,270,12
825,,-5313,16001,-2538,-1744,-3922,3559,304,13
826,,-5373,16166,-2412,-1745,-3940,3534,361,12
827,,-5467,16326,-2314,-1736,-3970,3502,440,18
828,,-5552,16454,-2207,-1741,-4002,3467,514,13
829,,-5601,16596,-2087,-1739,-4020,3443,563,15
830,,-5675,16727,-1963,-1744,-4038,3422,580,13
831,,-5744,16858,-1863,-1742,-4045,3403,602,12
832,,-5826,16953,-1745,-1746,-4060,3377,648,12
833,,-5889,17011,-1612,-1740,-4077,3331,723,13
834,,-5952,17092,-1470,-1739,-4096,3293,797,14
835,,-5981,17179,-1332,-1741,-4109,3263,843,16
836,,-6053,17228,-1191,-1743,-4125,3245,862,14
837,,-6087,17275,-1050,-1745,-4139,3224,885,11
838,,-6126,17338,-876,-1741,-4145,3195,941,15
839,,-6147,17350,-765,-1745,-4158,3138,1008,9
840,,-6184,17365,-624,-1740,-4170,3100,1086,16
841,,-6212,17395,-489,-1739,-4183,3067,1136,15
842,,-6261,17407,-361,-1743,-4200,3037,1163,11
843,,-6256,17373,-206,-1744,-4206,3004,1195,12
844,,-6263,17390,-65,-1742,-4206,2968,1251,15
845,,-6250,17368,58,-1742,-4215,2920,1324,17
846,,-6280,17353,214,-1739,-4228,2879,1389,15
847,,-6316,17315,330,-1740,-4246,2837,1435,15
848,,-6304,17279,457,-1744,-4251,2801,1468,12
849,,-6307,17240,617,-1746,-4249,2763,1509,12
850,,-6272,17153,727,-1739,-4249,2715,1567,15
851,,-6244,17121,877,-1740,-4254,2674,1630,16
852,,-6279,17059,1012,-1737,-4267,2626,1689,17
853,,-6284,16996,1140,-1746,-4278,2580,1734,12
854,,-6271,16907,1279,-1744,-4276,2540,1774,12
855,,-6258,16827,1411,-1745,-4271,2495,1811,11
856,,-6258,16749,1557,-1740,-4268,2450,1858,15
857,,-6244,16643,1734,-1740,-4268,2401,1916,16
858,,-6248,16553,1890,-1738,-4263,2350,1978,16
859,,-6246,16487,2020,-1744,-4262,2297,2024,12
860,,-6283,16399,2188,-1745,-4257,2243,2062,12
861,,-6299,16327,2310,-1743,-4246,2191,2101,12
862,,-6362,16247,2474,-1740,-4231,2144,2152,14
863,,-6428,16153,2619,-1740,-4223,2095,2208,16
864,,-6477,16080,2769,-1741,-4222,2044,2262,17
865,,-6525,16018,2920,-1743,-4222,1992,2307,14
866,,-6591,15942,3072,-1745,-4216,1943,2350,14
867,,-6675,15865,3224,-1745,-4203,1894,2385,12
868,,-6747,15785,3366,-1739,-4188,1849,2430,14
869,,-6814,15697,3530,-1741,-4185,1799,2475,15
870,,-6875,15594,3694,-1740,-4183,1749,2527,15
871,,-6954,15514,3865,-1744,-4184,1707,2571,13
872,,-7019,15396,4025,-1745,-4174,1659,2613,13
873,,-7105,15295,4192,-1742,-4165,1615,2653,14
874,,-7173,15158,4344,-1739,-4157,1568,2693,15
875,,-7228,15034,4477,-1739,-4157,1524,2738,14
876,,-7293,14886,4661,-1739,-4148,1479,2783,16
877,,-7359,14746,4856,-1744,-4147,1434,2825,12
878,,-7419,14581,5013,-1744,-4134,1390,2864,12
879,,-7501,14438,5190,-1741,-4120,1345,2903,17
880,,-7555,14268,5352,-1741,-4109,1293,2938,15
881,,-7615,14101,5539,-1737,-4097,1249,2986,17
882,,-7677,13919,5699,-1745,-4091,1198,3024,12
883,,-7739,13705,5873,-1743,-4083,1149,3066,12
884,,-7796,13534,6042,-1741,-4065,1099,3107,15
885,,-7838,13361,6232,-1739,-4044,1053,3147,16
886,,-7914,13149,6384,-1740,-4033,1005,3187,15
887,,-7968,12972,6541,-1738,-4020,954,3225,17
888,,-8032,12796,6706,-1744,-4011,898,3262,11
889,,-8113,12600,6841,-1743,-3994,851,3303,13
890,,-8165,12418,7014,-1744,-3979,799,3335,12
891,,-8213,12208,7184,-1739,-3951,755,3372,16
892,,-8265,11997,7333,-1736,-3930,710,3415,18
893,,-8354,11783,7470,-1739,-3922,656,3450,15
894,,-8385,11581,7621,-1742,-3900,608,3483,15
895,,-8459,11369,7780,-1743,-3877,557,3520,14
896,,-8505,11147,7917,-1742,-3858,504,3554,12
897,,-8529,10899,8063,-1738,-3831,453,3589,15
898,,-8586,10695,8198,-1738,-3809,404,3626,15
899,,-8651,10513,8322,-1738,-3787,353,3659,16
900,,-8726,10272,8478,-1742,-3759,297,3681,12
901,,-8826,10056,8613,-1741,-3713,238,3701,11
902,,-8901,9834,8774,-1739,-3680,186,3725,17
903,,-8937,9618,8916,-1735,-3672,147,3762,17
904,,-9012,9398,9031,-1740,-3666,104,3803,14
905,,-9117,9210,9156,-1737,-3621,43,3847,18
906,,-9216,8990,9274,-1740,-3580,-31,3868,12
907,,-9288,8777,9398,-1740,-3551,-84,3878,11
908,,-9331,8603,9545,-1740,-3543,-113,3894,14
909,,-9433,8384,9657,-1738,-3531,-147,3921,15
910,,-9504,8188,9794,-1735,-3498,-205,3957,18
911,,-9535,7966,9891,-1738,-3452,-280,3991,17
912,,-9627,7779,10009,-1741,-3415,-329,4010,12
913,,-9665,7555,10116,-1743,-3414,-368,4024,9
914,,-9687,7330,10218,-1737,-3396,-400,4043,14
915,,-9728,7143,10325,-1737,-3362,-459,4067,14
916,,-9756,6922,10431,-1736,-3321,-527,4097,16
917,,-9781,6716,10524,-1732,-3283,-573,4130,20
918,,-9796,6504,10607,-1742,-3274,-616,4138,12
919,,-9816,6286,10694,-1743,-3255,-657,4146,12
920,,-9816,6068,10756,-1738,-3209,-712,4160,15
921,,-9830,5880,10816,-1737,-3163,-779,4178,15
922,,-9792,5705,10871,-1737,-3123,-832,4201,16
923,,-9763,5513,10927,-1741,-3104,-878,4220,13
924,,-9720,5314,10984,-1740,-3074,-922,4230,13
925,,-9722,5110,11036,-1741,-3034,-979,4231,12
926,,-9666,4921,11071,-1735,-2985,-1039,4239,15
927,,-9629,4713,11104,-1735,-2938,-1093,4255,15
928,,-9576,4559,11159,-1733,-2904,-1137,4272,16
929,,-9555,4369,11173,-1738,-2881,-1193,4284,13
930,,-9473,4194,11208,-1737,-2838,-1248,4294,12
931,,-9404,4002,11241,-1739,-2782,-1304,4303,11
932,,-9328,3814,11246,-1733,-2729,-1353,4312,15
933,,-9268,3641,11252,-1733,-2688,-1407,4320,17
934,,-9188,3474,11241,-1733,-2650,-1456,4325,17
935,,-9097,3292,11264,-1736,-2613,-1513,4329,12
936,,-9038,3117,11289,-1737,-2560,-1570,4335,12
937,,-8943,2996,11307,-1735,-2504,-1619,4343,15
938,,-8861,2803,11328,-1733,-2458,-1665,4345,16
939,,-8804,2609,11294,-1730,-2415,-1717,4344,15
940,,-8702,2418,11302,-1731,-2371,-1765,4355,16
941,,-8625,2237,11321,-1735,-2325,-1818,4356,12
942,,-8520,2049,11316,-1734,-2276,-1870,4351,10
943,,-8410,1905,11315,-1733,-2217,-1913,4352,14
944,,-8334,1708,11345,-1731,-2171,-1956,4344,15
945,,-8231,1504,11368,-1729,-2118,-2003,4342,18
946,,-8134,1313,11392,-1735,-2067,-2057,4339,12
947,,-8065,1124,11408,-1734,-2020,-2111,4334,12
948,,-7994,912,11467,-1735,-1964,-2160,4330,13
949,,-7916,729,11525,-1731,-1908,-2205,4323,13
950,,-7843,546,11581,-1729,-1849,-2246,4318,17
951,,-7769,343,11621,-1729,-1793,-2294,4310,16
952,,-7727,169,11703,-1733,-1739,-2351,4298,13
953,,-7674,-33,11773,-1733,-1686,-2399,4293,12
954,,-7614,-180,11829,-1732,-1640,-2445,4288,11
955,,-7565,-356,11903,-1728,-1590,-2487,4288,15
956,,-7533,-543,11988,-1727,-1537,-2534,4282,15
957,,-7457,-711,12060,-1729,-1478,-2581,4280,16
958,,-7441,-896,12135,-1732,-1429,-2635,4269,13
959,,-7369,-1073,12211,-1731,-1385,-2674,4261,11
960,,-7309,-1250,12239,-1734,-1345,-2711,4257,11
961,,-7257,-1421,12300,-1729,-1297,-2753,4255,15
962,,-7178,-1602,12346,-1736,-1255,-2802,4238,7
963,,-7060,-1763,12428,-1731,-1199,-2838,4237,15
964,,-6985,-1942,12481,-1735,-1149,-2877,4232,13
965,,-6895,-2168,12545,-1735,-1108,-2914,4218,11
966,,-6787,-2345,12603,-1734,-1061,-2956,4213,14
967,,-6697,-2523,12630,-1732,-1015,-2999,4205,15
968,,-6598,-2684,12715,-1730,-958,-3040,4202,15
969,,-6478,-2874,12753,-1732,-907,-3080,4188,15
970,,-6369,-3060,12801,-1736,-859,-3119,4172,12
971,,-6273,-3226,12840,-1739,-816,-3159,4156,9
972,,-6167,-3388,12882,-1734,-765,-3198,4145,14
973,,-6031,-3552,12911,-1731,-709,-3238,4137,14
974,,-5928,-3719,12930,-1731,-655,-3276,4128,15
975,,-5829,-3866,12968,-1732,-611,-3316,4111,15
976,,-5713,-4023,13025,-1734,-559,-3354,4095,15
977,,-5596,-4170,13044,-1737,-506,-3387,4081,13
978,,-5493,-4340,13024,-1737,-455,-3428,4065,10
979,,-5362,-4483,13066,-1733,-403,-3455,4047,14
980,,-5217,-4617,13095,-1730,-358,-3488,4022,14
981,,-5098,-4736,13089,-1733,-313,-3519,3998,13
982,,-4977,-4873,13076,-1736,-260,-3551,3977,12
983,,-4871,-5016,13078,-1738,-209,-3580,3954,11
984,,-4690,-5111,13063,-1729,-155,-3600,3934,17
985,,-4558,-5243,13044,-1732,-110,-3632,3908,15
986,,-4449,-5380,12998,-1732,-65,-3661,3886,15
987,,-4285,-5475,12970,-1737,-15,-3691,3864,12
988,,-4114,-5604,12946,-1737,40,-3717,3841,12
989,,-4010,-5722,12898,-1737,92,-3751,3810,11
990,,-3872,-5844,12942,-1735,148,-3780,3775,11
991,,-3733,-5961,12994,-1732,212,-3806,3750,16
992,,-3622,-6110,12993,-1731,256,-3831,3729,16
993,,-3525,-6220,12976,-1736,294,-3855,3712,12
994,,-3381,-6327,12963,-1735,342,-3872,3695,13
995,,-3235,-6445,12967,-1733,396,-3902,3665,14
996,,-3094,-6570,12970,-1736,451,-3934,3623,9
997,,-2954,-6709,12968,-1733,506,-3959,3605,17
998,,-2820,-6829,12964,-1732,547,-3975,3585,16
999,,-2705,-6973,12915,-1735,577,-4005,3562,10
1000,,-2545,-7075,12915,-1736,632,-4027,3541,11
1001,,-2384,-7166,12856,-1735,695,-4053,3513,14
1002,,-2242,-7259,12837,-1731,748,-4077,3480,15
1003,,-2100,-7347,12800,-1731,800,-4100,3457,15
1004,,-1959,-7431,12750,-1732,841,-4116,3436,16
1005,,-1832,-7542,12719,-1735,880,-4143,3412,12
1006,,-1706,-7646,12634,-1736,930,-4160,3386,12
1007,,-1550,-7696,12563,-1733,986,-4186,3352,13
1008,,-1390,-7755,12506,-1731,1046,-4210,3315,15
1009,,-1269,-7806,12473,-1731,1103,-4228,3286,16
1010,,-1138,-7851,12396,-1735,1152,-4248,3260,13
1011,,-1005,-7949,12299,-1734,1200,-4254,3233,14
1012,,-897,-7997,12220,-1733,1248,-4242,3173,13
1013,,-747,-7997,12143,-1733,1295,-4219,3083,14
1014,,-624,-8035,12060,-1732,1352,-4226,3009,14
1015,,-465,-8077,11961,-1731,1419,-4244,2987,15
1016,,-352,-8127,11879,-1736,1466,-4277,2985,13
1017,,-252,-8149,11752,-1735,1499,-4291,2965,12
1018,,-135,-8153,11669,-1739,1537,-4285,2907,11
1019,,-1,-8167,11559,-1733,1595,-4277,2830,14
1020,,127,-8162,11463,-1732,1663,-4284,2765,15
1021,,259,-8206,11346,-1730,1719,-4298,2735,16
1022,,410,-8225,11249,-1736,1753,-4324,2708,9
1023,,571,-8221,11161,-1736,1790,-4321,2683,13
1024,,673,-8227,11036,-1736,1835,-4319,2627,11
1025,,801,-8220,10936,-1728,1897,-4319,2558,15
1026,,940,-8226,10791,-1732,1962,-4330,2498,16
1027,,1091,-8221,10691,-1730,2005,-4333,2458,15
1028,,1215,-8205,10585,-1735,2040,-4342,2427,12
1029,,1351,-8183,10485,-1735,2081,-4338,2389,12
1030,,1496,-8179,10392,-1733,2140,-4334,2328,14
1031,,1617,-8192,10278,-1732,2194,-4339,2252,15
1032,,1739,-8160,10186,-1732,2243,-4328,2188,14
1033,,1921,-8173,10098,-1730,2281,-4317,2142,15
1034,,2053,-8182,10027,-1735,2315,-4323,2106,12
1035,,2179,-8195,9942,-1736,2360,-4323,2062,12
1036,,2317,-8199,9879,-1733,2421,-4317,2007,14
1037,,2466,-8214,9816,-1731,2472,-4300,1941,16
1038,,2608,-8261,9748,-1731,2515,-4290,1875,15
1039,,2741,-8259,9712,-1736,2546,-4291,1826,12
1040,,2871,-8297,9659,-1735,2587,-4290,1792,11
1041,,2977,-8324,9592,-1743,2624,-4299,1743,3
1042,,3151,-8336,9521,-1728,2687,-4276,1705,21
1043,,3267,-8382,9468,-1736,2727,-4269,1637,13
1044,,3392,-8415,9401,-1730,2769,-4261,1580,16
1045,,3548,-8430,9329,-1735,2809,-4262,1528,13
1046,,3669,-8444,9273,-1736,2849,-4261,1496,13
1047,,3796,-8483,9198,-1737,2886,-4254,1459,9
1048,,3955,-8485,9139,-1731,2927,-4239,1413,15
1049,,4115,-8516,9052,-1730,2970,-4227,1354,16
1050,,4238,-8525,8971,-1731,3011,-4212,1301,15
1051,,4364,-8531,8841,-1737,3049,-4211,1248,9
1052,,4500,-8570,8765,-1735,3088,-4202,1210,11
1053,,4634,-8583,8628,-1737,3125,-4193,1161,10
1054,,4774,-8602,8564,-1725,3167,-4165,1115,21
1055,,4931,-8621,8472,-1732,3200,-4157,1052,15
1056,,5079,-8624,8399,-1730,3243,-4138,1006,17
1057,,5194,-8656,8318,-1737,3281,-4137,955,10
1058,,5326,-8696,8188,-1738,3311,-4134,911,11
1059,,5461,-8701,8079,-1733,3347,-4114,868,14
1060,,5577,-8712,7978,-1730,3380,-4095,814,14
1061,,5714,-8698,7897,-1731,3420,-4072,760,14
1062,,5851,-8675,7777,-1731,3453,-4049,707,15
1063,,5962,-8694,7667,-1734,3480,-4034,657,12
1064,,6101,-8701,7553,-1738,3509,-4016,612,13
1065,,6219,-8687,7455,-1733,3538,-3993,568,14
1066,,6344,-8665,7309,-1730,3563,-3970,515,13
1067,,6462,-8640,7190,-1731,3596,-3943,463,16
1068,,6578,-8633,7063,-1731,3625,-3920,408,16
1069,,6665,-8585,6964,-1736,3658,-3899,357,13
1070,,6783,-8547,6848,-1737,3686,-3877,309,11
1071,,6892,-8538,6694,-1732,3712,-3852,266,14
1072,,6995,-8505,6528,-1730,3741,-3829,215,14
1073,,7080,-8442,6403,-1731,3771,-3805,168,18
1074,,7189,-8385,6270,-1738,3797,-3787,115,11
1075,,7285,-8361,6118,-1735,3828,-3759,71,14
1076,,7412,-8303,5959,-1736,3856,-3736,23,12
1077,,7478,-8280,5798,-1732,3882,-3709,-28,13
1078,,7585,-8240,5647,-1730,3905,-3679,-84,14
1079,,7730,-8246,5519,-1732,3937,-3650,-141,15
1080,,7823,-8247,5401,-1736,3972,-3624,-201,12
1081,,7911,-8230,5278,-1735,3994,-3600,-257,11
1082,,8020,-8169,5158,-1737,4014,-3576,-305,11
1083,,8130,-8180,5030,-1731,4035,-3546,-334,16
1084,,8225,-8167,4854,-1731,4061,-3527,-378,15
1085,,8284,-8158,4734,-1731,4089,-3495,-441,14
1086,,8357,-8135,4613,-1733,4123,-3468,-523,12
1087,,8458,-8146,4539,-1737,4150,-3436,-593,11
1088,,8534,-8101,4423,-1736,4170,-3412,-631,10
1089,,8600,-8054,4317,-1732,4190,-3384,-641,15
1090,,8639,-8033,4209,-1733,4207,-3364,-680,14
1091,,8666,-8006,4086,-1732,4232,-3337,-743,14
1092,,8673,-7938,3983,-1734,4263,-3303,-814,13
1093,,8700,-7864,3899,-1736,4285,-3274,-881,14
1094,,8719,-7809,3772,-1734,4299,-3247,-914,15
1095,,8768,-7715,3660,-1733,4309,-3223,-931,15
1096,,8763,-7627,3492,-1733,4321,-3198,-964,15
1097,,8766,-7537,3375,-1731,4343,-3161,-1019,17
1098,,8803,-7448,3232,-1736,4355,-3112,-1091,13
1099,,8805,-7361,3052,-1738,4324,-3034,-1154,11
1100,,8818,-7233,2913,-1735,4278,-2957,-1194,12
1101,,8849,-7114,2761,-1731,4280,-2923,-1217,16
1102,,8867,-6987,2593,-1732,4338,-2914,-1245,16
1103,,8854,-6896,2458,-1735,4379,-2893,-1311,13
1104,,8816,-6792,2278,-1734,4370,-2825,-1392,14
1105,,8822,-6653,2125,-1735,4338,-2753,-1461,12
1106,,8829,-6503,2000,-1732,4333,-2701,-1494,14
1107,,8820,-6365,1830,-1731,4363,-2680,-1523,16
1108,,8818,-6252,1691,-1731,4394,-2650,-1561,17
1109,,8785,-6135,1517,-1737,4392,-2597,-1628,12
1110,,8765,-6010,1363,-1735,4375,-2524,-1700,13
1111,,8723,-5900,1210,-1735,4368,-2465,-1761,11
1112,,8725,-5767,1082,-1729,4388,-2426,-1794,15
1113,,8678,-5644,941,-1731,4406,-2395,-1828,16
1114,,8678,-5539,796,-1730,4400,-2339,-1874,14
1115,,8636,-5428,680,-1734,4385,-2274,-1938,12
1116,,8612,-5306,533,-1736,4380,-2209,-1991,12
1117,,8590,-5243,385,-1735,4377,-2162,-2042,11
1118,,8583,-5159,221,-1731,4381,-2116,-2079,14
1119,,8608,-5078,75,-1730,4364,-2063,-2114,15
1120,,8636,-5000,-79,-1730,4345,-1997,-2155,17
1121,,8653,-4926,-257,-1735,4334,-1941,-2208,13
1122,,8701,-4873,-415,-1736,4331,-1893,-2261,12
1123,,8731,-4835,-559,-1732,4334,-1845,-2306,15
1124,,8784,-4760,-715,-1730,4325,-1797,-2349,14
1125,,8837,-4725,-871,-1730,4313,-1736,-2384,15
1126,,8899,-4658,-1062,-1730,4298,-1679,-2425,15
1127,,8944,-4594,-1226,-1734,4292,-1638,-2477,12
1128,,9008,-4529,-1377,-1733,4302,-1592,-2524,12
1129,,9059,-4458,-1521,-1734,4309,-1541,-2573,14
1130,,9082,-4404,-1690,-1730,4294,-1491,-2613,15
1131,,9111,-4337,-1880,-1727,4277,-1442,-2650,15
1132,,9129,-4267,-2019,-1734,4272,-1403,-2687,12
1133,,9159,-4133,-2209,-1734,4269,-1359,-2730,13
1134,,9218,-4049,-2380,-1733,4264,-1308,-2774,12
1135,,9254,-3984,-2548,-1731,4256,-1250,-2809,15
1136,,9279,-3876,-2718,-1730,4247,-1199,-2852,15
1137,,9312,-3765,-2894,-1730,4233,-1155,-2888,16
1138,,9343,-3667,-3088,-1735,4223,-1112,-2927,13
1139,,9381,-3541,-3270,-1733,4213,-1061,-2969,13
1140,,9405,-3459,-3446,-1737,4199,-1013,-3013,11
1141,,9439,-3355,-3626,-1730,4187,-959,-3050,15
1142,,9464,-3225,-3798,-1727,4177,-905,-3083,16
1143,,9465,-3135,-3983,-1730,4160,-853,-3121,16
1144,,9501,-3037,-4149,-1734,4146,-800,-3161,14
1145,,9525,-2949,-4288,-1733,4131,-746,-3203,11
1146,,9555,-2813,-4464,-1735,4114,-702,-3247,10
1147,,9573,-2705,-4627,-1729,4097,-649,-3278,15
1148,,9584,-2589,-4769,-1727,4089,-593,-3303,19
1149,,9602,-2505,-4927,-1729,4068,-543,-3337,16
1150,,9600,-2404,-5100,-1733,4041,-494,-3379,12
1151,,9599,-2274,-5290,-1733,4023,-444,-3422,11
1152,,9610,-2143,-5431,-1732,4014,-391,-3461,11
1153,,9597,-2035,-5556,-1729,3997,-340,-3490,14
1154,,9577,-1891,-5708,-1729,3975,-289,-3521,17
1155,,9560,-1780,-5837,-1728,3947,-236,-3545,17
1156,,9561,-1671,-5986,-1732,3917,-181,-3574,13
1157,,9585,-1542,-6146,-1731,3881,-127,-3604,12
1158,,9606,-1409,-6295,-1731,3856,-77,-3627,15
1159,,9566,-1292,-6450,-1728,3844,-33,-3652,14
1160,,9572,-1182,-6581,-1727,3820,17,-3685,16
1161,,9605,-1081,-6722,-1727,3789,89,-3721,15
1162,,9624,-972,-6893,-1732,3750,147,-3758,11
1163,,9627,-889,-7028,-1736,3725,191,-3784,9
1164,,9626,-773,-7159,-1728,3714,235,-3792,14
1165,,9641,-706,-7266,-1726,3687,276,-3814,15
1166,,9676,-617,-7396,-1728,3653,338,-3848,15
1167,,9685,-501,-7520,-1731,3616,401,-3889,11
1168,,9685,-417,-7639,-1730,3594,457,-3910,13
1169,,9660,-314,-7749,-1727,3578,497,-3927,15
1170,,9631,-223,-7852,-1727,3553,536,-3941,15
1171,,9649,-109,-7960,-1726,3516,589,-3964,16
1172,,9624,-29,-8062,-1728,3475,646,-3993,16
1173,,9609,61,-8160,-1727,3452,706,-4014,16
1174,,9563,160,-8219,-1732,3421,739,-4033,10
1175,,9538,272,-8324,-1732,3399,782,-4040,12
1176,,9469,364,-8427,-1740,3347,829,-4064,-2
1177,,9431,441,-8510,-1728,3311,894,-4069,16
1178,,9389,564,-8558,-1728,3277,946,-4095,16
1179,,9326,699,-8603,-1733,3248,991,-4111,13
1180,,9281,787,-8661,-1733,3217,1037,-4125,13
1181,,9217,894,-8720,-1734,3177,1088,-4131,11
1182,,9129,993,-8737,-1729,3134,1146,-4137,15
1183,,9049,1127,-8795,-1730,3092,1195,-4152,16
1184,,8958,1255,-8831,-1729,3057,1241,-4165,15
1185,,8895,1360,-8895,-1734,3020,1288,-4182,13
1186,,8806,1463,-8926,-1735,2975,1342,-4196,12
1187,,8704,1584,-8934,-1733,2929,1397,-4201,12
1188,,8593,1715,-8962,-1731,2881,1451,-4203,14
1189,,8494,1846,-8979,-1732,2837,1504,-4210,15
1190,,8377,1940,-8987,-1732,2794,1557,-4220,16
1191,,8268,2055,-9004,-1735,2743,1606,-4236,12
1192,,8188,2162,-8990,-1735,2694,1660,-4244,10
1193,,8113,2287,-9004,-1734,2643,1716,-4241,14
1194,,7994,2399,-8977,-1732,2592,1767,-4237,15
1195,,7888,2506,-8995,-1734,2551,1818,-4240,17
1196,,7774,2594,-9012,-1736,2502,1866,-4258,13
1197,,7676,2732,-9044,-1737,2451,1913,-4269,11
1198,,7569,2840,-9002,-1737,2401,1965,-4269,11
1199,,7464,2954,-8997,-1733,2346,2017,-4255,15
1200,,7381,3087,-9000,-1735,2291,2061,-4248,15
1201,,7286,3191,-9002,-1731,2239,2109,-4243,15
1202,,7194,3335,-9037,-1739,2185,2164,-4247,11
1203,,7088,3435,-9054,-1738,2135,2210,-4248,12
1204,,7031,3550,-9052,-1740,2075,2258,-4243,12
1205,,6968,3689,-9084,-1733,2024,2304,-4229,13
1206,,6912,3833,-9136,-1733,1965,2345,-4218,16
1207,,6851,3951,-9212,-1735,1910,2394,-4205,16
1208,,6824,4090,-9269,-1739,1852,2445,-4199,13
1209,,6755,4220,-9339,-1741,1800,2493,-4188,12
1210,,6707,4351,-9441,-1741,1747,2531,-4188,10
1211,,6706,4474,-9506,-1736,1696,2571,-4181,15
1212,,6656,4635,-9578,-1735,1645,2620,-4177,15
1213,,6622,4762,-9648,-1736,1591,2672,-4171,15
1214,,6588,4894,-9721,-1739,1544,2719,-4168,13
1215,,6532,5016,-9792,-1740,1494,2761,-4168,12
1216,,6489,5127,-9843,-1737,1448,2803,-4164,13
1217,,6447,5241,-9903,-1733,1402,2848,-4155,15
1218,,6396,5393,-9949,-1732,1350,2892,-4151,15
1219,,6347,5509,-10009,-1732,1298,2934,-4145,18
1220,,6259,5617,-10063,-1735,1248,2974,-4147,12
1221,,6192,5747,-10105,-1735,1207,3016,-4134,12
1222,,6126,5858,-10119,-1736,1161,3059,-4121,15
1223,,6029,5986,-10167,-1732,1103,3095,-4111,16
1224,,5998,6115,-10218,-1730,1053,3134,-4105,16
1225,,5889,6246,-10264,-1731,1005,3171,-4097,16
1226,,5827,6367,-10297,-1735,958,3207,-4086,11
1227,,5772,6497,-10309,-1736,910,3246,-4069,11
1228,,5689,6640,-10344,-1732,861,3280,-4050,16
1229,,5605,6751,-10386,-1730,799,3319,-4036,16
1230,,5502,6888,-10408,-1732,752,3352,-4026,15
1231,,5428,6994,-10457,-1736,703,3393,-4017,11
1232,,5352,7136,-10504,-1734,653,3427,-3999,13
1233,,5246,7271,-10499,-1736,596,3460,-3988,12
1234,,5209,7394,-10516,-1732,544,3502,-3958,15
1235,,5131,7503,-10543,-1731,494,3533,-3940,16
1236,,5054,7609,-10590,-1733,444,3558,-3918,16
1237,,4968,7720,-10586,-1736,391,3587,-3899,14
1238,,4877,7833,-10564,-1736,341,3618,-3878,12
1239,,4814,7938,-10545,-1737,292,3644,-3856,12
1240,,4727,8045,-10527,-1733,249,3676,-3827,15
1241,,4628,8168,-10524,-1731,202,3705,-3803,16
1242,,4517,8252,-10506,-1734,151,3731,-3786,15
1243,,4403,8327,-10494,-1737,94,3755,-3770,12
1244,,4325,8444,-10501,-1737,38,3786,-3738,12
1245,,4237,8569,-10522,-1737,-17,3818,-3708,11
1246,,4181,8684,-10510,-1732,-65,3849,-3672,16
1247,,4110,8768,-10520,-1732,-112,3874,-3653,17
1248,,4007,8874,-10539,-1734,-155,3897,-3636,15
1249,,3932,8980,-10511,-1737,-209,3916,-3621,13
1250,,3850,9070,-10520,-1738,-269,3947,-3589,13
1251,,3762,9164,-10519,-1735,-324,3985,-3553,14
1252,,3705,9285,-10516,-1732,-369,4009,-3524,16
1253,,3612,9381,-10529,-1732,-411,4024,-3509,15
1254,,3523,9460,-10496,-1733,-446,4045,-3489,16
1255,,3438,9548,-10461,-1737,-501,4067,-3472,11
1256,,3347,9629,-10441,-1738,-563,4092,-3446,12
1257,,3238,9723,-10422,-1736,-612,4123,-3414,13
1258,,3151,9802,-10376,-1733,-661,4146,-3382,15
1259,,3050,9883,-10321,-1732,-701,4167,-3362,17
1260,,2937,9941,-10272,-1736,-749,4185,-3345,13
1261,,2859,10004,-10219,-1737,-799,4207,-3317,12
1262,,2763,10076,-10169,-1738,-858,4231,-3288,11
1263,,2681,10104,-10127,-1732,-910,4257,-3250,16
1264,,2568,10163,-10057,-1734,-963,4280,-3218,14
1265,,2473,10211,-9979,-1733,-1011,4295,-3195,14
1266,,2365,10258,-9916,-1736,-1057,4311,-3173,11
1267,,2285,10289,-9811,-1738,-1101,4326,-3141,13
1268,,2208,10343,-9715,-1740,-1155,4324,-3094,13
1269,,2088,10363,-9642,-1732,-1205,4300,-3012,15
1270,,2003,10354,-9539,-1733,-1253,4293,-2924,15
1271,,1913,10381,-9462,-1733,-1309,4303,-2874,15
1272,,1823,10403,-9381,-1737,-1369,4333,-2876,12
1273,,1696,10440,-9267,-1737,-1411,4360,-2864,13
1274,,1579,10436,-9166,-1739,-1447,4357,-2825,14
1275,,1475,10434,-9055,-1733,-1492,4344,-2749,16
1276,,1377,10449,-8949,-1734,-1555,4344,-2676,15
1277,,1277,10463,-8845,-1734,-1616,4358,-2627,17
1278,,1155,10464,-8711,-1737,-1668,4380,-2610,13
1279,,1035,10474,-8612,-1737,-1705,4385,-2586,13
1280,,934,10471,-8525,-1735,-1740,4383,-2539,15
1281,,859,10459,-8390,-1733,-1791,4381,-2469,16
1282,,729,10437,-8284,-1734,-1856,4386,-2409,16
1283,,608,10407,-8165,-1732,-1910,4395,-2361,15
1284,,494,10407,-8048,-1737,-1958,4400,-2332,11
1285,,401,10392,-7952,-1738,-1996,4396,-2293,13
1286,,302,10380,-7832,-1733,-2034,4397,-2231,16
1287,,190,10369,-7744,-1732,-2086,4393,-2162,16
1288,,75,10370,-7645,-1731,-2139,4393,-2095,17
1289,,-65,10364,-7581,-1737,-2190,4384,-2057,14
1290,,-160,10382,-7483,-1738,-2228,4380,-2018,13
1291,,-281,10387,-7401,-1738,-2260,4371,-1975,12
1292,,-399,10391,-7322,-1732,-2306,4363,-1916,14
1293,,-532,10435,-7229,-1731,-2357,4359,-1852,15
1294,,-655,10470,-7137,-1730,-2403,4355,-1789,18
1295,,-813,10471,-7073,-1737,-2450,4347,-1746,12
1296,,-916,10515,-7024,-1736,-2485,4338,-1711,13
1297,,-1066,10521,-6941,-1739,-2525,4335,-1671,13
1298,,-1207,10561,-6852,-1735,-2575,4332,-1617,14
1299,,-1310,10615,-6774,-1731,-2623,4331,-1557,17
1300,,-1424,10644,-6661,-1733,-2664,4323,-1497,16
1301,,-1577,10677,-6588,-1736,-2701,4319,-1451,14
1302,,-1713,10694,-6520,-1737,-2743,4308,-1417,12
1303,,-1839,10708,-6440,-1739,-2782,4300,-1377,12
1304,,-1971,10741,-6324,-1734,-2825,4295,-1323,16
1305,,-2093,10781,-6237,-1734,-2868,4288,-1268,15
1306,,-2193,10779,-6138,-1733,-2910,4272,-1212,14
1307,,-2336,10814,-6036,-1738,-2947,4259,-1167,13
1308,,-2455,10824,-5915,-1739,-2984,4251,-1118,13
1309,,-2584,10889,-5860,-1738,-3020,4243,-1076,12
1310,,-2731,10895,-5748,-1735,-3058,4224,-1022,13
1311,,-2855,10936,-5620,-1736,-3099,4213,-968,13
1312,,-2982,10962,-5535,-1735,-3133,4199,-916,16
1313,,-3114,11000,-5413,-1736,-3168,4188,-869,13
1314,,-3261,11030,-5306,-1740,-3204,4174,-825,12
1315,,-3407,11074,-5205,-1737,-3239,4164,-780,14
1316,,-3519,11073,-5090,-1733,-3282,4148,-731,15
1317,,-3630,11112,-4994,-1735,-3312,4125,-671,15
1318,,-3771,11141,-4873,-1735,-3344,4106,-614,14
1319,,-3902,11147,-4777,-1738,-3377,4083,-568,12
1320,,-4029,11175,-4679,-1739,-3405,4062,-524,12
1321,,-4137,11164,-4512,-1737,-3431,4045,-475,15
1322,,-4265,11162,-4413,-1735,-3459,4017,-428,15
1323,,-4365,11193,-4284,-1735,-3490,3992,-372,15
1324,,-4521,11181,-4145,-1739,-3522,3971,-321,14
1325,,-4609,11183,-4019,-1738,-3554,3946,-275,12
1326,,-4715,11174,-3889,-1740,-3579,3923,-228,12
1327,,-4811,11166,-3728,-1735,-3602,3903,-174,16
1328,,-4913,11121,-3628,-1735,-3630,3879,-125,14
1329,,-5023,11109,-3464,-1736,-3662,3853,-75,16
1330,,-5126,11099,-3328,-1738,-3698,3830,-28,13
1331,,-5216,11083,-3150,-1739,-3724,3804,16,12
1332,,-5300,11034,-2984,-1739,-3751,3781,62,12
1333,,-5424,11040,-2821,-1735,-3768,3759,118,15
1334,,-5565,11079,-2690,-1736,-3795,3724,177,15
1335,,-5681,11093,-2557,-1736,-3831,3693,239,15
1336,,-5794,11112,-2437,-1740,-3865,3663,295,13
1337,,-5898,11110,-2307,-1743,-3895,3640,335,10
1338,,-6016,11153,-2142,-1739,-3908,3621,371,11
1339,,-6137,11154,-2012,-1733,-3918,3603,412,17
1340,,-6245,11170,-1855,-1735,-3947,3573,467,15
1341,,-6346,11195,-1721,-1734,-3980,3540,544,17
1342,,-6408,11185,-1628,-1740,-4018,3504,611,11
1343,,-6518,11194,-1491,-1739,-4038,3485,659,12
1344,,-6591,11184,-1380,-1735,-4052,3464,680,16
1345,,-6640,11140,-1228,-1735,-4070,3441,705,16
1346,,-6687,11128,-1077,-1734,-4090,3416,758,15
1347,,-6741,11096,-967,-1733,-4118,3385,834,17
1348,,-6793,11045,-829,-1740,-4151,3345,897,13
1349,,-6829,11015,-691,-1740,-4172,3319,943,11
1350,,-6855,10967,-557,-1737,-4182,3299,972,15
1351,,-6867,10912,-408,-1734,-4191,3271,1005,15
1352,,-6899,10872,-281,-1735,-4213,3241,1057,17
1353,,-6917,10820,-104,-1738,-4227,3179,1124,13
1354,,-6951,10761,16,-1741,-4200,3094,1189,11
1355,,-6963,10683,150,-1739,-4168,3030,1236,11
1356,,-6951,10613,313,-1735,-4183,3001,1267,16
1357,,-6942,10535,449,-1735,-4232,2993,1299,15
1358,,-6965,10452,580,-1733,-4263,2964,1354,18
1359,,-6916,10372,764,-1738,-4250,2894,1423,12
1360,,-6913,10301,941,-1740,-4225,2823,1492,13
1361,,-6905,10225,1056,-1740,-4228,2781,1535,12
1362,,-6897,10127,1187,-1737,-4262,2763,1564,15
1363,,-6895,10026,1342,-1736,-4281,2733,1601,16
1364,,-6850,9942,1503,-1736,-4273,2675,1663,15
1365,,-6851,9858,1665,-1740,-4261,2601,1729,13
1366,,-6833,9763,1810,-1740,-4257,2547,1791,12
1367,,-6806,9710,1951,-1740,-4276,2507,1831,12
1368,,-6795,9621,2083,-1736,-4288,2469,1871,15
1369,,-6771,9562,2217,-1736,-4281,2417,1918,16
1370,,-6725,9480,2372,-1736,-4267,2355,1976,16
1371,,-6731,9431,2510,-1740,-4264,2293,2029,14
1372,,-6710,9380,2643,-1740,-4276,2244,2073,11
1373,,-6700,9324,2780,-1738,-4274,2204,2123,15
1374,,-6722,9253,2949,-1737,-4257,2147,2164,16
1375,,-6729,9231,3101,-1735,-4240,2081,2208,15
1376,,-6754,9199,3234,-1738,-4231,2028,2256,16
1377,,-6781,9151,3377,-1740,-4232,1981,2303,11
1378,,-6796,9110,3527,-1740,-4235,1937,2345,13
1379,,-6836,9093,3701,-1739,-4225,1889,2389,13
1380,,-6868,9047,3849,-1738,-4210,1833,2432,16
1381,,-6940,9009,4020,-1735,-4197,1775,2471,15
1382,,-6999,8966,4172,-1737,-4195,1728,2515,17
1383,,-7063,8949,4347,-1741,-4198,1681,2559,11
1384,,-7100,8898,4521,-1743,-4198,1629,2601,9
1385,,-7110,8868,4709,-1739,-4185,1581,2651,14
1386,,-7175,8806,4880,-1736,-4169,1534,2694,17
1387,,-7221,8760,5046,-1733,-4156,1496,2737,20
1388,,-7304,8675,5230,-1741,-4161,1444,2771,13
1389,,-7310,8605,5383,-1741,-4161,1397,2815,12
1390,,-7366,8546,5555,-1740,-4154,1349,2857,11
1391,,-7364,8437,5740,-1737,-4139,1298,2903,16
1392,,-7392,8393,5926,-1738,-4126,1248,2942,15
1393,,-7435,8312,6084,-1735,-4110,1206,2983,18
1394,,-7508,8215,6253,-1741,-4108,1150,3018,12
1395,,-7536,8135,6393,-1741,-4102,1103,3056,14
1396,,-7556,8028,6582,-1744,-4093,1053,3100,11
1397,,-7584,7919,6791,-1738,-4074,1003,3144,14
1398,,-7631,7832,6967,-1737,-4055,950,3183,15
1399,,-7660,7746,7105,-1737,-4041,901,3216,17
1400,,-7664,7649,7282,-1739,-4030,853,3252,14
1401,,-7709,7551,7461,-1742,-4016,799,3289,12
1402,,-7727,7444,7615,-1743,-3995,745,3324,12
1403,,-7777,7323,7781,-1738,-3976,695,3360,16
1404,,-7798,7228,7957,-1738,-3959,646,3395,15
1405,,-7811,7125,8115,-1738,-3943,600,3431,18
1406,,-7822,7004,8276,-1741,-3931,549,3470,13
1407,,-7833,6892,8431,-1743,-3907,492,3513,13
1408,,-7868,6772,8533,-1741,-3892,439,3552,14
1409,,-7853,6661,8717,-1737,-3870,390,3585,15
1410,,-7865,6532,8864,-1738,-3844,338,3615,16
1411,,-7880,6444,8984,-1739,-3804,282,3637,16
1412,,-7941,6333,9139,-1743,-3770,224,3654,13
1413,,-7946,6242,9279,-1743,-3752,178,3683,12
1414,,-7952,6122,9445,-1740,-3755,137,3724,13
1415,,-7967,5977,9575,-1739,-3729,86,3762,14
1416,,-8000,5889,9711,-1735,-3685,20,3801,17
1417,,-8023,5755,9832,-1742,-3655,-34,3830,11
1418,,-8008,5645,9976,-1741,-3645,-76,3841,13
1419,,-8048,5516,10135,-1744,-3634,-114,3857,13
1420,,-8039,5388,10256,-1737,-3595,-154,3886,14
1421,,-8080,5281,10349,-1739,-3561,-222,3923,13
1422,,-8062,5148,10479,-1738,-3529,-276,3955,15
1423,,-8068,4998,10610,-1743,-3515,-321,3967,12
1424,,-8072,4863,10747,-1743,-3500,-361,3978,13
1425,,-8058,4766,10877,-1743,-3468,-405,4005,11
1426,,-8057,4635,11011,-1738,-3418,-465,4035,16
1427,,-8053,4477,11125,-1738,-3382,-529,4064,15
1428,,-8049,4331,11222,-1739,-3358,-573,4086,16
1429,,-8019,4196,11325,-1744,-3342,-613,4097,12
1430,,-8019,4065,11419,-1742,-3309,-661,4112,13
1431,,-7993,3943,11513,-1744,-3268,-721,4128,11
1432,,-7948,3792,11587,-1737,-3221,-773,4154,15
1433,,-7905,3693,11652,-1739,-3193,-818,4180,15
1434,,-7871,3537,11706,-1737,-3170,-861,4197,16
1435,,-7821,3415,11777,-1741,-3141,-913,4206,14
1436,,-7751,3262,11820,-1741,-3098,-969,4211,13
1437,,-7699,3139,11865,-1738,-3053,-1022,4225,14
1438,,-7622,2983,11903,-1736,-3013,-1067,4238,16
1439,,-7553,2837,11955,-1736,-2976,-1113,4256,17
1440,,-7485,2700,12013,-1735,-2938,-1164,4268,17
1441,,-7407,2547,12034,-1739,-2902,-1222,4272,11
1442,,-7324,2393,12081,-1740,-2853,-1272,4275,12
1443,,-7224,2217,12106,-1736,-2808,-1316,4284,12
1444,,-7119,2071,12113,-1733,-2762,-1369,4295,15
1445,,-7031,1918,12170,-1734,-2717,-1424,4312,16
1446,,-6939,1769,12164,-1737,-2672,-1476,4321,13
1447,,-6816,1610,12208,-1739,-2626,-1528,4324,13
1448,,-6739,1443,12201,-1740,-2580,-1579,4320,12
1449,,-6636,1287,12199,-1734,-2526,-1627,4323,15
1450,,-6541,1132,12217,-1734,-2477,-1677,4334,14
1451,,-6463,967,12248,-1733,-2430,-1723,4346,16
1452,,-6344,801,12279,-1735,-2384,-1776,4351,13
1453,,-6207,631,12277,-1737,-2335,-1826,4348,11
1454,,-6157,454,12281,-1738,-2280,-1880,4341,11
1455,,-6059,304,12271,-1731,-2221,-1926,4342,15
1456,,-5973,129,12300,-1732,-2169,-1973,4346,15
1457,,-5896,-49,12324,-1733,-2119,-2023,4345,14
1458,,-5823,-213,12361,-1734,-2073,-2073,4342,12
1459,,-5751,-399,12385,-1736,-2013,-2123,4340,12
1460,,-5655,-555,12393,-1737,-1960,-2177,4333,11
1461,,-5594,-733,12435,-1730,-1903,-2220,4332,15
1462,,-5555,-907,12467,-1730,-1852,-2267,4324,15
1463,,-5497,-1058,12515,-1730,-1797,-2311,4319,15
1464,,-5461,-1212,12561,-1734,-1745,-2364,4303,11
1465,,-5405,-1377,12635,-1735,-1686,-2406,4296,13
1466,,-5352,-1553,12686,-1731,-1631,-2453,4291,15
1467,,-5329,-1743,12759,-1730,-1580,-2499,4288,16
1468,,-5279,-1898,12792,-1730,-1532,-2543,4281,15
1469,,-5251,-2042,12866,-1729,-1482,-2590,4278,15
1470,,-5203,-2214,12949,-1733,-1434,-2637,4268,12
1471,,-5142,-2384,13037,-1733,-1381,-2684,4262,12
1472,,-5076,-2540,13050,-1732,-1327,-2728,4259,14
1473,,-5055,-2698,13107,-1731,-1281,-2769,4255,16
1474,,-5027,-2862,13169,-1732,-1236,-2809,4250,16
1475,,-4951,-3014,13225,-1732,-1192,-2849,4249,16
1476,,-4899,-3167,13283,-1736,-1144,-2896,4236,13
1477,,-4831,-3313,13305,-1740,-1098,-2943,4223,10
1478,,-4718,-3475,13372,-1732,-1040,-2976,4218,15
1479,,-4673,-3593,13411,-1734,-990,-3016,4214,15
1480,,-4605,-3771,13436,-1733,-943,-3056,4204,15
1481,,-4523,-3923,13457,-1738,-898,-3102,4193,12
1482,,-4436,-4046,13483,-1739,-849,-3141,4182,11
1483,,-4357,-4197,13519,-1738,-800,-3178,4172,12
1484,,-4232,-4343,13542,-1733,-747,-3207,4160,14
1485,,-4153,-4528,13607,-1734,-696,-3242,4145,16
1486,,-4079,-4678,13630,-1734,-644,-3278,4131,15
1487,,-4009,-4843,13631,-1737,-601,-3322,4111,12
1488,,-3896,-4963,13640,-1736,-549,-3359,4098,14
1489,,-3835,-5124,13651,-1737,-492,-3391,4080,11
1490,,-3717,-5265,13684,-1733,-439,-3424,4062,14
1491,,-3617,-5427,13711,-1733,-389,-3456,4042,14
1492,,-3517,-5561,13728,-1733,-337,-3485,4025,16
1493,,-3440,-5704,13741,-1736,-289,-3518,3998,12
1494,,-3342,-5846,13734,-1737,-239,-3552,3977,12
1495,,-3244,-5976,13727,-1736,-189,-3579,3951,11
1496,,-3135,-6077,13719,-1732,-139,-3604,3929,13
1497,,-3031,-6207,13717,-1733,-91,-3633,3908,15
1498,,-2920,-6321,13683,-1733,-41,-3657,3889,17
1499,,-2835,-6423,13656,-1735,9,-3688,3864,12
1500,,-2737,-6558,13659,-1737,64,-3719,3835,12
1501,,-2631,-6681,13632,-1735,119,-3753,3800,14
1502,,-2530,-6822,13649,-1732,176,-3783,3772,15
1503,,-2413,-6925,13668,-1732,224,-3807,3753,16
1504,,-2326,-7026,13635,-1732,257,-3824,3740,15
1505,,-2228,-7144,13612,-1735,306,-3848,3722,11
1506,,-2116,-7257,13631,-1739,364,-3876,3691,12
1507,,-2015,-7374,13617,-1734,423,-3916,3653,14
1508,,-1906,-7517,13603,-1732,479,-3937,3625,14
1509,,-1812,-7632,13610,-1732,518,-3957,3613,15
1510,,-1704,-7743,13588,-1737,551,-3982,3590,11
1511,,-1594,-7834,13556,-1735,607,-4001,3569,13
1512,,-1502,-7940,13539,-1736,672,-4031,3539,13
1513,,-1405,-8045,13494,-1732,731,-4061,3507,16
1514,,-1304,-8129,13477,-1731,774,-4086,3475,14
1515,,-1224,-8229,13458,-1731,817,-4104,3458,15
1516,,-1097,-8303,13399,-1735,855,-4123,3437,13
1517,,-976,-8372,13332,-1736,905,-4143,3409,12
1518,,-876,-8441,13287,-1737,960,-4170,3378,11
1519,,-775,-8512,13253,-1731,1016,-4189,3352,16
1520,,-665,-8578,13179,-1732,1061,-4209,3323,15
1521,,-549,-8655,13099,-1733,1107,-4223,3298,17
1522,,-436,-8713,13013,-1736,1147,-4249,3268,11
1523,,-319,-8763,12933,-1735,1194,-4258,3233,12
1524,,-153,-8791,12834,-1736,1248,-4253,3184,10
1525,,-16,-8824,12733,-1733,1301,-4224,3104,15
1526,,96,-8872,12614,-1732,1347,-4219,3024,16
1527,,226,-8919,12521,-1730,1406,-4235,2989,15
1528,,349,-8961,12417,-1735,1458,-4273,2979,13
1529,,506,-8967,12293,-1736,1502,-4296,2965,11
1530,,617,-8998,12189,-1733,1547,-4287,2918,15
1531,,773,-8994,12098,-1731,1596,-4271,2843,15
1532,,887,-9019,11988,-1731,1655,-4278,2774,16
1533,,1042,-9020,11847,-1731,1715,-4298,2737,15
1534,,1154,-9047,11735,-1737,1760,-4324,2713,12
1535,,1301,-9034,11628,-1736,1798,-4328,2681,12
1536,,1436,-9032,11521,-1733,1838,-4321,2629,14
1537,,1562,-9027,11393,-1731,1892,-4321,2562,15
1538,,1707,-9006,11301,-1731,1960,-4327,2504,14
1539,,1846,-9000,11163,-1731,2016,-4333,2466,15
1540,,1963,-9017,11038,-1735,2048,-4344,2432,14
1541,,2087,-9001,10908,-1736,2083,-4344,2387,10
1542,,2193,-8941,10819,-1731,2134,-4334,2327,16
1543,,2346,-8938,10721,-1731,2192,-4329,2255,16
1544,,2493,-8941,10643,-1732,2248,-4330,2194,15
1545,,2594,-8946,10536,-1735,2292,-4330,2149,14
1546,,2746,-8943,10434,-1735,2327,-4325,2113,13
1547,,2895,-8955,10339,-1739,2356,-4325,2065,9
1548,,3014,-8965,10264,-1737,2405,-4314,2009,9
1549,,3144,-8961,10197,-1733,2467,-4301,1949,16
1550,,3292,-8996,10151,-1732,2514,-4299,1882,13
1551,,3413,-8995,10076,-1734,2558,-4291,1835,14
1552,,3575,-9018,10007,-1736,2589,-4287,1802,12
1553,,3700,-9054,9936,-1739,2628,-4285,1762,11
1554,,3861,-9112,9835,-1726,2679,-4270,1717,20
1555,,3989,-9106,9756,-1732,2725,-4270,1646,13
1556,,4142,-9130,9686,-1732,2768,-4260,1589,15
1557,,4297,-9164,9611,-1736,2806,-4258,1541,12
1558,,4439,-9161,9528,-1737,2847,-4250,1507,11
1559,,4546,-9224,9438,-1736,2886,-4245,1466,12
1560,,4695,-9246,9338,-1735,2926,-4238,1410,13
1561,,4824,-9264,9241,-1735,2970,-4227,1348,13
1562,,4951,-9309,9165,-1732,3015,-4212,1303,16
1563,,5065,-9305,9058,-1734,3053,-4208,1256,12
1564,,5223,-9299,8958,-1737,3094,-4200,1213,12
1565,,5371,-9318,8862,-1734,3133,-4189,1170,13
1566,,5496,-9344,8774,-1731,3168,-4172,1118,15
1567,,5614,-9378,8675,-1733,3207,-4151,1057,15
1568,,5741,-9389,8545,-1732,3241,-4140,1006,14
1569,,5875,-9430,8446,-1735,3276,-4136,959,12
1570,,6027,-9412,8372,-1736,3312,-4128,919,13
1571,,6150,-9409,8255,-1732,3351,-4109,880,14
1572,,6266,-9410,8101,-1732,3387,-4089,828,16
1573,,6416,-9446,7974,-1731,3419,-4072,772,16
1574,,6541,-9453,7869,-1733,3448,-4057,710,13
1575,,6673,-9429,7758,-1734,3476,-4035,665,12
1576,,6806,-9446,7606,-1737,3503,-4015,623,11
1577,,6921,-9431,7472,-1732,3533,-3992,578,14
1578,,7070,-9399,7363,-1730,3563,-3967,529,17
1579,,7185,-9389,7222,-1731,3596,-3943,471,15
1580,,7304,-9351,7063,-1735,3626,-3925,411,12
1581,,7412,-9344,6950,-1737,3651,-3904,358,10
1582,,7540,-9316,6829,-1735,3690,-3875,318,13
1583,,7630,-9254,6676,-1733,3709,-3856,271,14
1584,,7734,-9189,6518,-1731,3736,-3827,222,15
1585,,7840,-9141,6376,-1731,3772,-3800,177,16
1586,,7937,-9114,6221,-1727,3809,-3777,130,21
1587,,8017,-9060,6041,-1736,3827,-3763,70,12
1588,,8125,-8997,5890,-1735,3850,-3742,22,11
1589,,8237,-8963,5753,-1730,3877,-3705,-22,14
1590,,8343,-8958,5598,-1731,3907,-3675,-78,15
1591,,8474,-8954,5463,-1730,3942,-3642,-144,16
1592,,8571,-8961,5318,-1734,3974,-3619,-207,12
1593,,8653,-8944,5193,-1736,3994,-3599,-258,12
1594,,8793,-8917,5067,-1730,4016,-3576,-290,14
1595,,8893,-8909,4933,-1734,4030,-3553,-325,15
1596,,8994,-8889,4769,-1731,4057,-3526,-375,14
1597,,9085,-8878,4643,-1731,4092,-3490,-447,16
1598,,9156,-8855,4557,-1736,4128,-3460,-523,13
1599,,9228,-8827,4396,-1737,4148,-3436,-584,12
1600,,9295,-8809,4281,-1731,4167,-3411,-601,16
1601,,9371,-8809,4133,-1732,4180,-3391,-623,15
1602,,9431,-8726,4033,-1733,4196,-3373,-673,15
1603,,9484,-8685,3918,-1735,4228,-3336,-741,13
1604,,9514,-8641,3784,-1736,4258,-3300,-811,12
1605,,9560,-8552,3633,-1737,4276,-3276,-863,12
1606,,9592,-8490,3492,-1734,4287,-3251,-889,14
1607,,9620,-8415,3361,-1731,4297,-3227,-913,16
1608,,9650,-8295,3242,-1728,4318,-3196,-950,19
1609,,9664,-8202,3069,-1737,4334,-3161,-1025,11
1610,,9704,-8113,2903,-1735,4335,-3088,-1092,14
1611,,9730,-8019,2771,-1736,4295,-3005,-1151,12
1612,,9746,-7916,2606,-1732,4272,-2949,-1184,12
1613,,9747,-7808,2443,-1732,4306,-2936,-1205,15
1614,,9755,-7692,2260,-1730,4352,-2928,-1249,14
1615,,9750,-7553,2091,-1736,4363,-2885,-1318,12
1616,,9744,-7430,1950,-1734,4345,-2809,-1395,12
1617,,9746,-7303,1797,-1738,4332,-2750,-1451,12
1618,,9724,-7179,1636,-1734,4356,-2712,-1480,17
1619,,9702,-7052,1456,-1730,4386,-2694,-1512,15
1620,,9671,-6918,1311,-1730,4394,-2655,-1562,16
1621,,9647,-6773,1143,-1736,4377,-2588,-1635,10
1622,,9636,-6653,989,-1735,4368,-2520,-1696,13
1623,,9621,-6473,841,-1734,4381,-2477,-1745,12
1624,,9586,-6345,691,-1730,4401,-2443,-1779,15
1625,,9542,-6214,534,-1731,4401,-2403,-1821,15
1626,,9540,-6087,381,-1733,4389,-2338,-1870,15
1627,,9509,-5990,203,-1736,4373,-2273,-1932,12
1628,,9478,-5857,47,-1735,4375,-2217,-1985,12
1629,,9478,-5749,-91,-1733,4383,-2167,-2031,15
1630,,9480,-5667,-255,-1731,4375,-2117,-2069,16
1631,,9475,-5611,-405,-1730,4364,-2055,-2112,18
1632,,9489,-5515,-546,-1730,4345,-1993,-2165,15
1633,,9514,-5473,-703,-1734,4336,-1945,-2219,12
1634,,9534,-5404,-861,-1734,4338,-1900,-2264,10
1635,,9564,-5330,-1034,-1731,4339,-1850,-2303,15
1636,,9604,-5262,-1196,-1729,4329,-1794,-2342,16
1637,,9631,-5184,-1348,-1730,4320,-1738,-2381,16
1638,,9686,-5140,-1517,-1733,4307,-1693,-2426,12
1639,,9730,-5057,-1697,-1733,4302,-1648,-2472,12
1640,,9769,-4963,-1883,-1735,4307,-1602,-2519,12
1641,,9796,-4903,-2037,-1731,4301,-1549,-2557,15
1642,,9834,-4804,-2240,-1726,4289,-1496,-2598,18
1643,,9889,-4722,-2393,-1729,4276,-1448,-2643,16
1644,,9918,-4649,-2579,-1733,4274,-1405,-2680,13
1645,,9950,-4538,-2782,-1732,4276,-1356,-2722,13
1646,,9987,-4435,-2958,-1736,4266,-1309,-2772,12
1647,,9987,-4337,-3133,-1729,4254,-1259,-2812,15
1648,,10043,-4222,-3304,-1729,4239,-1204,-2850,14
1649,,10071,-4088,-3492,-1729,4233,-1156,-2882,16
1650,,10105,-4022,-3677,-1732,4227,-1111,-2923,12
1651,,10114,-3905,-3853,-1735,4218,-1063,-2966,13
1652,,10138,-3787,-4059,-1735,4205,-1016,-3012,12
1653,,10161,-3679,-4225,-1728,4186,-963,-3052,15
1654,,10182,-3533,-4375,-1730,4177,-909,-3085,15
1655,,10205,-3421,-4537,-1729,4164,-858,-3117,15
1656,,10220,-3302,-4720,-1733,4149,-813,-3159,11
1657,,10234,-3208,-4895,-1734,4133,-760,-3197,11
1658,,10233,-3099,-5074,-1733,4119,-704,-3228,13
1659,,10249,-2944,-5234,-1729,4102,-654,-3264,14
1660,,10280,-2836,-5405,-1730,4086,-603,-3301,15
1661,,10280,-2725,-5581,-1726,4065,-553,-3338,14
1662,,10292,-2592,-5790,-1733,4045,-503,-3382,13
1663,,10266,-2445,-5922,-1733,4029,-448,-3416,12
1664,,10276,-2316,-6063,-1731,4016,-391,-3449,14
1665,,10252,-2204,-6245,-1728,3993,-342,-3482,15
1666,,10265,-2072,-6397,-1728,3967,-290,-3514,17
1667,,10258,-1966,-6546,-1732,3935,-242,-3545,11
1668,,10278,-1829,-6696,-1732,3901,-177,-3569,14
1669,,10298,-1714,-6856,-1732,3865,-124,-3595,11
1670,,10305,-1593,-7018,-1728,3858,-75,-3615,15
1671,,10273,-1456,-7151,-1729,3853,-38,-3648,14
1672,,10281,-1338,-7298,-1727,3821,15,-3683,15
1673,,10324,-1219,-7455,-1732,3781,84,-3729,13
1674,,10322,-1127,-7608,-1732,3750,142,-3763,13
1675,,10302,-1016,-7729,-1733,3734,179,-3780,12
1676,,10319,-910,-7843,-1728,3724,219,-3785,15
1677,,10312,-784,-7955,-1728,3697,276,-3809,15
1678,,10315,-681,-8095,-1729,3658,344,-3848,15
1679,,10270,-617,-8207,-1732,3618,403,-3891,14
1680,,10266,-507,-8320,-1732,3597,449,-3915,12
1681,,10263,-424,-8433,-1732,3580,486,-3927,11
1682,,10254,-305,-8525,-1726,3554,534,-3937,14
1683,,10254,-212,-8663,-1727,3517,599,-3963,16
1684,,10217,-116,-8764,-1726,3476,654,-3990,15
1685,,10201,-44,-8868,-1731,3442,696,-4014,13
1686,,10174,68,-8973,-1732,3422,740,-4022,12
1687,,10155,181,-9067,-1729,3396,788,-4029,15
1688,,10120,264,-9157,-1727,3353,840,-4044,15
1689,,10072,390,-9253,-1728,3316,899,-4065,15
1690,,10028,492,-9334,-1727,3288,942,-4078,15
1691,,9945,599,-9396,-1733,3261,985,-4097,12
1692,,9862,715,-9469,-1734,3219,1026,-4113,11
1693,,9785,837,-9524,-1732,3174,1078,-4129,14
1694,,9711,959,-9578,-1729,3129,1134,-4142,15
1695,,9617,1111,-9600,-1729,3095,1185,-4154,16
1696,,9540,1246,-9650,-1729,3062,1236,-4163,16
1697,,9443,1371,-9693,-1734,3025,1286,-4172,13
1698,,9332,1507,-9736,-1735,2975,1336,-4189,12
1699,,9228,1610,-9747,-1730,2926,1389,-4197,15
1700,,9101,1764,-9762,-1731,2886,1441,-4206,15
1701,,9014,1890,-9765,-1730,2844,1493,-4215,15
1702,,8884,2009,-9790,-1735,2796,1544,-4227,13
1703,,8778,2173,-9813,-1735,2750,1597,-4233,13
1704,,8689,2293,-9801,-1737,2697,1655,-4234,14
1705,,8552,2395,-9791,-1730,2648,1706,-4234,15
1706,,8435,2545,-9794,-1733,2602,1759,-4242,15
1707,,8347,2672,-9794,-1733,2550,1808,-4251,16
1708,,8239,2795,-9814,-1737,2500,1855,-4262,12
1709,,8127,2924,-9807,-1736,2453,1912,-4259,12
1710,,8015,3032,-9788,-1738,2402,1960,-4257,12
1711,,7911,3167,-9797,-1734,2348,2007,-4250,15
1712,,7794,3309,-9790,-1734,2294,2053,-4252,15
1713,,7706,3446,-9798,-1735,2243,2103,-4250,16
1714,,7616,3592,-9835,-1736,2191,2150,-4248,12
1715,,7513,3716,-9816,-1739,2137,2196,-4249,12
1716,,7428,3859,-9831,-1739,2081,2245,-4241,12
1717,,7355,3991,-9858,-1735,2029,2297,-4233,16
1718,,7278,4128,-9910,-1735,1975,2345,-4224,17
1719,,7208,4246,-9970,-1734,1915,2392,-4212,16
1720,,7135,4387,-10039,-1740,1860,2442,-4206,13
1721,,7102,4524,-10084,-1740,1803,2480,-4201,12
1722,,7059,4687,-10124,-1739,1753,2525,-4193,14
1723,,7004,4831,-10199,-1737,1704,2572,-4184,15
1724,,6963,4967,-10288,-1736,1655,2619,-4177,16
1725,,6896,5088,-10399,-1736,1598,2666,-4173,15
1726,,6849,5246,-10450,-1741,1541,2707,-4170,11
1727,,6824,5375,-10485,-1741,1492,2751,-4164,12
1728,,6778,5502,-10545,-1733,1445,2795,-4155,15
1729,,6743,5646,-10618,-1732,1403,2841,-4153,15
1730,,6685,5792,-10648,-1733,1357,2882,-4149,16
1731,,6617,5910,-10743,-1735,1303,2925,-4146,13
1732,,6542,6060,-10794,-1736,1252,2966,-4137,13
1733,,6476,6205,-10838,-1737,1206,3003,-4129,12
1734,,6368,6339,-10875,-1733,1158,3044,-4125,13
1735,,6305,6484,-10905,-1732,1109,3083,-4114,14
1736,,6212,6632,-10942,-1730,1060,3126,-4107,14
1737,,6121,6771,-10977,-1735,1011,3166,-4095,14
1738,,6037,6888,-11021,-1737,962,3201,-4083,11
1739,,5931,7025,-11042,-1736,911,3235,-4074,12
1740,,5839,7163,-11078,-1730,860,3274,-4059,14
1741,,5778,7300,-11087,-1733,811,3313,-4047,14
1742,,5691,7436,-11094,-1730,765,3351,-4029,16
1743,,5584,7570,-11139,-1737,714,3390,-4017,13
1744,,5502,7683,-11141,-1737,658,3422,-4001,12
1745,,5417,7816,-11183,-1736,602,3454,-3986,12
1746,,5339,7967,-11201,-1732,551,3491,-3964,15
1747,,5241,8095,-11210,-1732,502,3524,-3944,15
1748,,5149,8223,-11216,-1731,450,3553,-3920,17
1749,,5049,8353,-11206,-1737,396,3585,-3902,13
1750,,4972,8465,-11214,-1736,346,3614,-3879,13
1751,,4874,8600,-11223,-1733,299,3645,-3854,14
1752,,4767,8690,-11233,-1732,250,3668,-3830,15
1753,,4666,8811,-11228,-1732,200,3693,-3810,15
1754,,4553,8887,-11177,-1730,151,3724,-3787,16
1755,,4462,9017,-11177,-1736,102,3755,-3764,13
1756,,4380,9128,-11184,-1736,48,3787,-3735,13
1757,,4293,9244,-11197,-1734,-11,3823,-3703,16
1758,,4190,9349,-11212,-1734,-72,3847,-3675,15
1759,,4096,9447,-11153,-1732,-114,3875,-3650,15
1760,,4001,9571,-11164,-1735,-153,3893,-3644,13
1761,,3926,9652,-11133,-1736,-202,3910,-3627,14
1762,,3840,9745,-11132,-1737,-263,3944,-3594,12
1763,,3786,9851,-11121,-1733,-318,3981,-3554,15
1764,,3676,9953,-11066,-1732,-371,4007,-3529,15
1765,,3565,10024,-11073,-1733,-405,4023,-3513,14
1766,,3468,10115,-11059,-1738,-446,4041,-3498,13
1767,,3384,10195,-11043,-1737,-502,4061,-3478,12
1768,,3297,10314,-11015,-1738,-564,4092,-3446,12
1769,,3204,10418,-10981,-1731,-618,4125,-3407,15
1770,,3110,10487,-10961,-1732,-662,4148,-3382,16
1771,,2999,10567,-10934,-1732,-704,4161,-3362,15
1772,,2915,10679,-10890,-1738,-751,4178,-3348,11
1773,,2835,10747,-10796,-1737,-801,4200,-3325,12
1774,,2712,10819,-10753,-1737,-856,4228,-3289,12
1775,,2619,10863,-10709,-1734,-909,4255,-3249,15
1776,,2506,10929,-10641,-1732,-955,4273,-3219,15
1777,,2406,10977,-10551,-1734,-1001,4289,-3198,16
1778,,2295,11040,-10487,-1737,-1047,4304,-3175,13
1779,,2164,11073,-10396,-1737,-1095,4316,-3140,14
1780,,2061,11126,-10299,-1735,-1147,4311,-3086,13
1781,,1957,11141,-10190,-1734,-1194,4281,-3000,16
1782,,1846,11199,-10101,-1732,-1236,4280,-2922,14
1783,,1709,11236,-9991,-1732,-1297,4302,-2886,16
1784,,1606,11258,-9881,-1737,-1358,4339,-2891,13
1785,,1496,11257,-9777,-1736,-1400,4358,-2875,13
1786,,1353,11272,-9663,-1736,-1436,4346,-2822,13
1787,,1220,11263,-9550,-1734,-1483,4338,-2740,15
1788,,1099,11283,-9437,-1733,-1546,4348,-2675,18
1789,,990,11297,-9316,-1734,-1610,4367,-2639,15
1790,,849,11297,-9199,-1739,-1656,4384,-2619,13
1791,,738,11287,-9100,-1738,-1693,4384,-2589,13
1792,,610,11268,-8988,-1734,-1734,4378,-2532,14
1793,,492,11254,-8870,-1733,-1793,4384,-2463,14
1794,,382,11244,-8744,-1731,-1855,4390,-2407,15
1795,,267,11231,-8640,-1737,-1909,4398,-2372,13
1796,,150,11210,-8524,-1737,-1942,4403,-2334,14
1797,,21,11196,-8394,-1739,-1980,4401,-2291,13
1798,,-110,11165,-8288,-1735,-2027,4397,-2228,14
1799,,-242,11143,-8186,-1733,-2083,4395,-2162,14
1800,,-352,11164,-8089,-1732,-2142,4392,-2104,15
1801,,-452,11148,-7984,-1737,-2184,4387,-2056,12
1802,,-598,11138,-7890,-1735,-2219,4384,-2014,15
1803,,-704,11137,-7812,-1739,-2261,4377,-1967,13
1804,,-812,11169,-7742,-1732,-2316,4374,-1913,15
1805,,-943,11166,-7664,-1734,-2368,4361,-1852,15
1806,,-1031,11222,-7576,-1732,-2409,4356,-1792,17
1807,,-1156,11244,-7508,-1738,-2445,4343,-1751,13
1808,,-1303,11226,-7444,-1737,-2485,4338,-1714,10
1809,,-1447,11300,-7369,-1738,-2525,4343,-1669,11
1810,,-1582,11288,-7278,-1734,-2573,4334,-1609,15
1811,,-1704,11314,-7196,-1732,-2617,4327,-1551,15
1812,,-1846,11341,-7112,-1735,-2661,4316,-1497,16
1813,,-1963,11398,-7036,-1738,-2704,4310,-1454,13
1814,,-2112,11407,-6955,-1738,-2746,4303,-1412,11
1815,,-2215,11442,-6861,-1729,-2784,4307,-1361,18
1816,,-2342,11467,-6777,-1735,-2821,4294,-1313,15
1817,,-2495,11491,-6682,-1734,-2863,4280,-1259,15
1818,,-2627,11515,-6587,-1732,-2904,4268,-1207,15
1819,,-2767,11532,-6505,-1737,-2949,4260,-1165,13
1820,,-2895,11574,-6401,-1739,-2991,4251,-1120,12
1821,,-2995,11618,-6305,-1735,-3024,4244,-1069,14
1822,,-3124,11633,-6193,-1732,-3058,4229,-1018,15
1823,,-3256,11661,-6092,-1733,-3096,4221,-961,18
1824,,-3396,11661,-6001,-1737,-3148,4208,-915,13
1825,,-3498,11688,-5912,-1738,-3184,4197,-872,14
1826,,-3626,11715,-5801,-1738,-3213,4179,-825,13
1827,,-3749,11714,-5674,-1733,-3240,4160,-777,14
1828,,-3875,11734,-5545,-1733,-3277,4150,-727,15
1829,,-4002,11734,-5421,-1735,-3310,4136,-674,16
1830,,-4148,11758,-5306,-1739,-3336,4116,-625,13
1831,,-4292,11740,-5194,-1738,-3370,4092,-577,13
1832,,-4445,11744,-5083,-1740,-3402,4066,-534,11
1833,,-4548,11742,-4925,-1736,-3425,4054,-480,15
1834,,-4686,11723,-4783,-1737,-3455,4024,-431,15
1835,,-4816,11713,-4642,-1732,-3485,4003,-377,16
1836,,-4911,11726,-4501,-1737,-3516,3980,-321,12
1837,,-5037,11693,-4397,-1740,-3548,3955,-269,13
1838,,-5135,11630,-4261,-1740,-3579,3928,-223,12
1839,,-5239,11605,-4136,-1736,-3603,3908,-174,16
1840,,-5367,11570,-3947,-1735,-3634,3884,-129,15
1841,,-5453,11565,-3789,-1734,-3663,3858,-75,16
1842,,-5558,11549,-3660,-1738,-3695,3835,-22,13
1843,,-5646,11503,-3514,-1740,-3720,3814,27,12
1844,,-5759,11450,-3361,-1737,-3746,3791,68,13
1845,,-5843,11428,-3206,-1733,-3770,3760,115,16
1846,,-5976,11447,-3061,-1734,-3799,3728,169,16
1847,,-6064,11475,-2904,-1736,-3832,3701,242,17
1848,,-6153,11478,-2779,-1739,-3869,3670,304,12
1849,,-6228,11466,-2633,-1739,-3889,3650,352,12
1850,,-6340,11455,-2489,-1737,-3905,3630,381,14
1851,,-6457,11413,-2347,-1736,-3927,3603,409,15
1852,,-6544,11431,-2195,-1731,-3950,3584,468,17
1853,,-6614,11435,-2082,-1734,-3983,3551,543,14
1854,,-6681,11431,-1995,-1737,-4024,3508,618,13
1855,,-6762,11391,-1862,-1739,-4046,3487,672,14
1856,,-6848,11385,-1724,-1735,-4058,3468,698,15
1857,,-6877,11367,-1591,-1735,-4075,3447,717,15
1858,,-6910,11346,-1481,-1732,-4097,3423,766,16
1859,,-6991,11279,-1364,-1739,-4130,3381,834,13
1860,,-7033,11272,-1245,-1734,-4162,3345,908,12
1861,,-7043,11236,-1107,-1738,-4177,3321,961,13
1862,,-7086,11199,-983,-1735,-4180,3303,992,17
1863,,-7129,11106,-837,-1735,-4195,3279,1012,14
1864,,-7146,11038,-689,-1736,-4214,3251,1056,15
1865,,-7162,10954,-551,-1741,-4241,3205,1117,11
1866,,-7160,10874,-442,-1738,-4245,3141,1188,12
1867,,-7135,10790,-283,-1740,-4207,3058,1243,10
1868,,-7146,10673,-109,-1734,-4167,3004,1280,14
1869,,-7144,10589,51,-1736,-4193,2986,1302,15
1870,,-7157,10490,210,-1736,-4248,2975,1345,15
1871,,-7141,10383,346,-1739,-4276,2933,1409,12
1872,,-7107,10295,506,-1739,-4256,2855,1488,12
1873,,-7113,10166,696,-1741,-4233,2789,1540,12
1874,,-7109,10059,845,-1735,-4238,2755,1569,14
1875,,-7097,9963,1022,-1734,-4262,2739,1599,15
1876,,-7052,9837,1191,-1734,-4276,2702,1651,16
1877,,-7050,9698,1357,-1738,-4273,2628,1718,13
1878,,-7047,9625,1475,-1740,-4264,2559,1787,12
1879,,-7011,9502,1641,-1738,-4265,2515,1839,15
1880,,-6979,9394,1811,-1736,-4282,2483,1872,15
1881,,-6964,9293,1980,-1735,-4292,2447,1907,15
1882,,-6931,9196,2126,-1735,-4277,2387,1959,16
1883,,-6929,9083,2305,-1740,-4267,2309,2022,13
1884,,-6909,9006,2420,-1741,-4264,2246,2078,13
1885,,-6906,8929,2586,-1737,-4263,2204,2126,15
1886,,-6916,8863,2733,-1736,-4263,2160,2163,16
1887,,-6896,8828,2898,-1736,-4254,2106,2202,16
1888,,-6932,8777,3049,-1739,-4236,2045,2250,13
1889,,-6958,8724,3230,-1740,-4221,1989,2308,13
1890,,-7004,8672,3360,-1740,-4221,1939,2353,12
1891,,-7030,8603,3542,-1735,-4228,1889,2387,14
1892,,-7063,8550,3680,-1736,-4223,1843,2428,15
1893,,-7091,8494,3860,-1736,-4208,1789,2472,16
1894,,-7132,8460,4028,-1737,-4196,1736,2524,16
1895,,-7185,8419,4192,-1741,-4196,1688,2568,12
1896,,-7234,8360,4376,-1743,-4199,1640,2605,12
1897,,-7271,8293,4525,-1736,-4193,1594,2648,15
1898,,-7306,8229,4719,-1736,-4175,1538,2687,15
1899,,-7320,8192,4889,-1736,-4161,1493,2734,16
1900,,-7384,8114,5050,-1741,-4159,1444,2774,12
1901,,-7410,8043,5232,-1739,-4158,1397,2817,13
1902,,-7460,7951,5425,-1741,-4155,1354,2856,12
1903,,-7502,7866,5601,-1736,-4138,1305,2897,14
1904,,-7509,7770,5774,-1738,-4125,1256,2934,16
1905,,-7542,7673,5962,-1735,-4114,1205,2974,16
1906,,-7592,7587,6156,-1740,-4113,1153,3012,11
1907,,-7613,7469,6348,-1741,-4105,1107,3057,12
1908,,-7647,7393,6527,-1738,-4088,1065,3100,14
1909,,-7676,7283,6715,-1736,-4072,1012,3142,17
1910,,-7709,7158,6872,-1738,-4059,957,3176,16
1911,,-7709,7031,7059,-1737,-4049,905,3217,16
1912,,-7735,6947,7236,-1739,-4040,855,3252,14
1913,,-7759,6804,7375,-1740,-4027,805,3286,12
1914,,-7752,6712,7577,-1739,-4007,759,3324,14
1915,,-7769,6588,7748,-1738,-3989,705,3361,16
1916,,-7761,6485,7895,-1738,-3966,656,3395,15
1917,,-7787,6382,8054,-1741,-3951,601,3429,14
1918,,-7796,6221,8243,-1741,-3936,551,3466,12
1919,,-7811,6120,8422,-1741,-3920,494,3503,11
1920,,-7789,5981,8591,-1737,-3894,447,3541,15
1921,,-7799,5859,8718,-1738,-3870,398,3577,16
1922,,-7783,5736,8900,-1737,-3849,348,3611,17
1923,,-7820,5608,9042,-1742,-3824,288,3633,12
1924,,-7847,5514,9213,-1742,-3788,227,3655,12
1925,,-7856,5380,9336,-1744,-3757,173,3681,11
1926,,-7840,5252,9499,-1737,-3743,137,3713,15
1927,,-7857,5119,9624,-1741,-3736,94,3749,13
1928,,-7854,5012,9779,-1737,-3696,33,3792,16
1929,,-7898,4901,9915,-1743,-3659,-41,3825,10
1930,,-7919,4804,10069,-1742,-3630,-95,3855,13
1931,,-7922,4695,10191,-1742,-3624,-134,3869,12
1932,,-7947,4583,10298,-1737,-3605,-167,3886,15
1933,,-7919,4484,10443,-1737,-3577,-218,3914,15
1934,,-7924,4381,10560,-1737,-3536,-280,3948,17
1935,,-7907,4247,10697,-1742,-3507,-337,3978,13
1936,,-7907,4140,10815,-1743,-3491,-376,3993,13
1937,,-7903,4000,10928,-1740,-3470,-413,4008,14
1938,,-7900,3881,11059,-1739,-3439,-466,4026,15
1939,,-7893,3768,11181,-1738,-3396,-528,4056,15
1940,,-7841,3631,11299,-1738,-3354,-580,4083,16
1941,,-7855,3529,11403,-1741,-3330,-627,4097,13
1942,,-7837,3388,11519,-1741,-3308,-666,4110,12
1943,,-7806,3254,11604,-1740,-3277,-717,4124,15
1944,,-7770,3131,11681,-1738,-3236,-771,4143,15
1945,,-7725,2994,11771,-1738,-3195,-824,4165,16
1946,,-7665,2871,11859,-1737,-3165,-874,4189,17
1947,,-7626,2744,11916,-1742,-3140,-925,4198,13
1948,,-7555,2610,12003,-1742,-3104,-974,4204,13
1949,,-7469,2469,12080,-1735,-3057,-1023,4209,14
1950,,-7420,2341,12135,-1737,-3014,-1074,4226,15
1951,,-7341,2195,12172,-1736,-2975,-1122,4243,17
1952,,-7259,2055,12204,-1741,-2942,-1178,4262,11
1953,,-7151,1924,12228,-1739,-2902,-1224,4283,11
1954,,-7048,1761,12272,-1740,-2857,-1275,4294,12
1955,,-6970,1631,12271,-1736,-2806,-1324,4301,16
1956,,-6888,1483,12284,-1735,-2759,-1373,4304,15
1957,,-6775,1348,12288,-1735,-2719,-1428,4313,15
1958,,-6674,1208,12295,-1738,-2677,-1485,4326,11
1959,,-6588,1041,12305,-1739,-2632,-1537,4330,11
1960,,-6473,901,12305,-1739,-2585,-1589,4332,12
1961,,-6357,775,12306,-1734,-2532,-1634,4336,15
1962,,-6245,605,12290,-1734,-2480,-1683,4345,16
1963,,-6154,446,12289,-1733,-2432,-1735,4351,16
1964,,-6050,277,12284,-1736,-2384,-1790,4354,12
1965,,-5957,137,12296,-1736,-2335,-1843,4352,12
1966,,-5868,-7,12303,-1737,-2285,-1890,4350,12
1967,,-5744,-154,12299,-1732,-2229,-1928,4353,15
1968,,-5638,-309,12282,-1731,-2173,-1980,4352,15
1969,,-5573,-471,12277,-1731,-2120,-2031,4349,15
1970,,-5495,-634,12305,-1735,-2073,-2088,4342,13
1971,,-5403,-780,12328,-1737,-2022,-2136,4338,13
1972,,-5303,-962,12363,-1734,-1965,-2181,4336,14
1973,,-5248,-1109,12376,-1730,-1910,-2227,4329,15
1974,,-5195,-1263,12409,-1729,-1854,-2274,4324,16
1975,,-5108,-1418,12486,-1731,-1796,-2322,4318,16
1976,,-5069,-1570,12524,-1735,-1746,-2373,4302,12
1977,,-5025,-1745,12570,-1735,-1688,-2421,4289,13
1978,,-5012,-1879,12646,-1732,-1637,-2460,4281,12
1979,,-4945,-2049,12722,-1730,-1586,-2505,4281,16
1980,,-4912,-2181,12795,-1727,-1528,-2553,4282,15
1981,,-4864,-2324,12875,-1733,-1479,-2605,4279,14
1982,,-4832,-2479,12932,-1733,-1429,-2649,4271,11
1983,,-4788,-2622,12996,-1733,-1385,-2691,4260,11
1984,,-4724,-2785,13023,-1728,-1330,-2725,4255,15
1985,,-4681,-2921,13104,-1730,-1286,-2771,4249,15
1986,,-4631,-3081,13135,-1730,-1236,-2815,4249,15
1987,,-4582,-3238,13207,-1737,-1188,-2865,4243,11
1988,,-4517,-3382,13276,-1735,-1140,-2900,4233,13
1989,,-4445,-3533,13324,-1739,-1093,-2939,4217,11
1990,,-4382,-3694,13332,-1733,-1042,-2976,4211,15
1991,,-4288,-3835,13387,-1733,-988,-3019,4208,16
1992,,-4231,-3965,13443,-1733,-942,-3061,4207,15
1993,,-4151,-4131,13487,-1738,-898,-3106,4194,13
1994,,-4093,-4272,13531,-1736,-849,-3139,4179,14
1995,,-3997,-4394,13565,-1737,-797,-3173,4160,13
1996,,-3903,-4568,13599,-1735,-745,-3209,4150,14
1997,,-3836,-4742,13594,-1732,-695,-3253,4143,15
1998,,-3719,-4895,13632,-1731,-649,-3287,4134,16
1999,,-3649,-5016,13670,-1738,-601,-3325,4113,13
2000,,-3542,-5153,13716,-1736,-546,-3357,4097,12
2001,,-3440,-5269,13691,-1734,-485,-3395,4083,13
2002,,-3380,-5444,13715,-1735,-434,-3430,4063,14
2003,,-3286,-5587,13716,-1733,-386,-3460,4042,14
2004,,-3152,-5718,13753,-1733,-344,-3491,4023,16
2005,,-3103,-5873,13741,-1737,-294,-3519,3999,12
2006,,-2996,-5999,13738,-1736,-240,-3549,3975,12
2007,,-2908,-6129,13745,-1733,-186,-3579,3951,14
2008,,-2802,-6258,13739,-1734,-138,-3604,3932,15
2009,,-2683,-6389,13711,-1731,-87,-3629,3913,16
2010,,-2568,-6487,13691,-1732,-42,-3660,3888,15
2011,,-2471,-6597,13667,-1736,6,-3695,3860,12
2012,,-2382,-6728,13627,-1736,60,-3723,3836,12
2013,,-2269,-6838,13663,-1733,122,-3749,3807,17
2014,,-2176,-6949,13658,-1732,185,-3780,3776,15
2015,,-2087,-7077,13663,-1732,230,-3809,3749,14
2016,,-1999,-7207,13636,-1737,260,-3834,3735,12
2017,,-1906,-7322,13616,-1737,309,-3849,3720,13
2018,,-1805,-7415,13590,-1737,368,-3879,3692,12
2019,,-1714,-7520,13587,-1734,429,-3914,3653,15
2020,,-1604,-7627,13576,-1731,483,-3943,3622,15
2021,,-1509,-7735,13608,-1732,526,-3961,3609,15
2022,,-1405,-7841,13581,-1739,559,-3984,3588,13
2023,,-1295,-7949,13527,-1737,608,-4003,3574,13
2024,,-1209,-8045,13503,-1738,667,-4029,3544,12
2025,,-1115,-8131,13458,-1732,724,-4060,3507,14
2026,,-1037,-8221,13445,-1732,774,-4089,3478,15
2027,,-921,-8318,13406,-1732,825,-4098,3461,17
2028,,-798,-8382,13334,-1737,862,-4121,3443,13
2029,,-707,-8482,13266,-1737,902,-4144,3416,12
2030,,-591,-8557,13195,-1734,960,-4171,3383,13
2031,,-492,-8638,13148,-1732,1017,-4192,3349,15
2032,,-397,-8674,13081,-1732,1067,-4215,3316,16
2033,,-270,-8728,13032,-1730,1117,-4229,3297,15
2034,,-170,-8811,12953,-1736,1154,-4244,3267,12
2035,,-26,-8873,12880,-1735,1195,-4255,3233,10
2036,,112,-8908,12766,-1733,1251,-4242,3179,14
2037,,195,-8949,12645,-1733,1304,-4221,3089,15
2038,,340,-8993,12587,-1731,1356,-4224,3006,16
2039,,463,-9019,12487,-1732,1417,-4244,2981,15
2040,,595,-9038,12371,-1736,1462,-4281,2988,13
2041,,724,-9067,12272,-1736,1498,-4294,2977,12
2042,,856,-9079,12155,-1733,1541,-4282,2923,14
2043,,989,-9085,12035,-1731,1597,-4285,2839,15
2044,,1099,-9076,11897,-1731,1666,-4296,2768,15
2045,,1258,-9061,11803,-1736,1721,-4315,2730,13
2046,,1393,-9068,11696,-1736,1758,-4324,2716,11
2047,,1533,-9083,11608,-1736,1791,-4325,2689,14
2048,,1632,-9075,11467,-1734,1838,-4322,2633,15
